log2FoldChange padj Yekutielipval pval genes gene_type
1 -1.55787738331379 1.74041873536047e-10 2.25719926064365e-09 1.66890610860667e-14 RPH3A downregulated
2 -2.42357520782246 2.09569511787806e-10 2.71796744915476e-09 3.01437663788377e-14 VGF downregulated
3 -0.91177634304 4.59158301149567e-07 5.95495645281329e-06 8.80583595242973e-11 DUSP6 downregulated
4 -1.9709785565041 1.3429539013687e-06 1.74171565248067e-05 3.84647068571161e-10 ADCYAP1 downregulated
5 -2.09560511302508 1.35293212091945e-06 1.75465669323994e-05 4.54069369824815e-10 LOC101926975 downregulated
6 -2.6007783852925 1.65521550508234e-06 2.14669673359034e-05 7.93601910669002e-10 CRH downregulated
7 -1.95509644615567 1.78124650559107e-06 2.31014997354158e-05 9.3943096137996e-10 PCSK1 downregulated
8 -1.80740267407894 1.85516624291146e-06 2.40601861310319e-05 1.06736323128626e-09 NEUROD6 downregulated
9 -2.29300850434638 2.45734475975254e-06 3.18700130156388e-05 1.53164318342921e-09 C6orf223 downregulated
10 -1.78584450819562 3.84850217059266e-06 4.99123347591868e-05 2.5832588765545e-09 NAT16 downregulated
11 -1.79774347534856 4.32252095083096e-06 5.60600210518392e-05 3.73042034400716e-09 PPEF1 downregulated
12 -1.01730657594045 6.41779784439776e-06 8.32342714716564e-05 5.84639013489751e-09 DHRS11 downregulated
13 -1.49901217510605 9.87791075103729e-06 0.000128109473834912 9.47203409026925e-09 USP2-AS1 downregulated
14 -1.96565112580908 1.1702544014564e-05 0.000151773668948999 1.34660332909592e-08 MPO downregulated
15 -1.95437607973749 1.67823517961034e-05 0.00021765516134932 2.09206092294524e-08 MAS1 downregulated
16 -1.30046019290363 2.7950396376775e-05 0.000362496752962652 3.88628036115681e-08 MSC downregulated
17 -0.659256576524404 2.98127188106335e-05 0.000386649749798294 4.43109883075053e-08 ICA1 downregulated
18 -1.22704779215467 3.14405742329593e-05 0.000407761876328853 4.82379237404563e-08 NRN1 downregulated
19 -0.753615881519896 3.2345141332889e-05 0.000419493467972177 5.27273723602736e-08 NRSN2 downregulated
20 -2.74263493149993 3.26249554290905e-05 0.000423122457698795 5.6311952603311e-08 SELE downregulated
21 -0.900726040164646 4.34198473758508e-05 0.000563124525166247 7.70261472362506e-08 C2orf16 downregulated
22 -1.49751242331969 4.42240159875271e-05 0.000573554019855252 8.05730741490162e-08 BAALC-AS1 downregulated
23 -1.47189235382341 4.60560485332371e-05 0.000597314178394312 8.61190915662006e-08 ALOX12B downregulated
24 -0.838688424813977 5.68662164973833e-05 0.000737514364937643 1.09059244373368e-07 F8 downregulated
25 -0.560592180351451 5.85813690289012e-05 0.000759758672858354 1.17966030551558e-07 CRY2 downregulated
26 -0.854597167838352 8.33445923325624e-05 0.00108092005888883 1.798200438685e-07 TARBP1 downregulated
27 -0.999829125312721 9.07155405476997e-05 0.00117651601245689 2.08771441064851e-07 PCYOX1L downregulated
28 -0.676214340178366 9.7115860979212e-05 0.00125952361431944 2.28157318309507e-07 CCDC113 downregulated
29 -0.892566913528376 9.9037979150499e-05 0.001284452119322 2.38111860550478e-07 KCNF1 downregulated
30 -0.571496164073933 9.9037979150499e-05 0.001284452119322 2.454200050454e-07 TRAPPC1 downregulated
31 -2.13610837767834 0.000110521329175942 0.00143338299819911 2.86146223114583e-07 LINC00898 downregulated
32 -3.97117710994395 0.000117910890552648 0.00152922035122856 3.10931532837687e-07 LOC401557 downregulated
33 -0.737036170595371 0.000119101566266942 0.00154466256802023 3.22432506226037e-07 HEY1 downregulated
34 -1.08034769333193 0.000119101566266942 0.00154466256802023 3.25492126250932e-07 THCAT155 downregulated
35 -0.901105754432403 0.000155895583924918 0.00202185479634045 4.55944316988062e-07 ZNF449 downregulated
36 -0.580290822410395 0.000156244002931659 0.00202637354294108 4.71945734510931e-07 PDE10A downregulated
37 -0.604430648656883 0.000162986121437883 0.00211381402262697 5.07939679410386e-07 RTF1 downregulated
38 -1.02925358729708 0.000168286020441638 0.002182549941574 5.40593727266135e-07 PCDHGC5 downregulated
39 -1.44689452600081 0.000206491184283766 0.00267804373180465 7.00770662776541e-07 SOWAHB downregulated
40 -0.659805078492057 0.000206491184283766 0.00267804373180465 6.79463587803105e-07 TECTA downregulated
41 -0.522660139278884 0.000206491184283766 0.00267804373180465 7.12291116931909e-07 MED29 downregulated
42 -0.643440480669345 0.000229156900751515 0.0029720019466498 8.14666057369419e-07 WDR31 downregulated
43 -1.49097683438659 0.000229156900751515 0.0029720019466498 8.22966078653858e-07 LINC01168 downregulated
44 -1.2288714108273 0.000278804398808218 0.00361589466987532 1.04265920827737e-06 PRMT8 downregulated
45 -1.14163082282927 0.000288525394682591 0.00374196906941234 1.09284682264586e-06 SPRED3 downregulated
46 -1.83742618641077 0.000293978188712456 0.00381268792805589 1.12759529639912e-06 HES5 downregulated
47 -1.29876968037688 0.00029812708750436 0.00386649619324691 1.1744253154325e-06 OTOGL downregulated
48 -0.545801374906476 0.000333596264680761 0.00432650618320848 1.34353388469981e-06 ETS2 downregulated
49 -1.29142751659708 0.00035168432390603 0.00456109544084079 1.43324387649291e-06 LOC285762 downregulated
50 -1.44971827702052 0.000356672145895815 0.00462578394297434 1.5219744442982e-06 FAM86B3P downregulated
51 -0.806709235894454 0.000356672145895815 0.00462578394297434 1.49716195218756e-06 HMGB3 downregulated
52 -2.26010323977982 0.000367226662670169 0.00476266851549412 1.61983281227672e-06 LINC01257 downregulated
53 -1.77723635979218 0.000367934003082196 0.00477184221733156 1.64059367534373e-06 LOC102723493 downregulated
54 -0.384314521991955 0.000407323137019476 0.00528269125724498 1.95293252634356e-06 COX8A downregulated
55 -0.735342264343078 0.000416784874890659 0.0054054032649551 2.03826328037816e-06 ABCA11P downregulated
56 -1.30935991312047 0.000420594346236105 0.00545480939768443 2.07705890887083e-06 MCHR1 downregulated
57 -1.19421183564611 0.000433208000095807 0.00561839951302663 2.18089082850169e-06 PNMA3 downregulated
58 -1.14782079157328 0.00045261243095601 0.00587006117410263 2.34477723504019e-06 GCNT4 downregulated
59 -1.26071974668771 0.00045261243095601 0.00587006117410263 2.36538116575754e-06 BEX5 downregulated
60 -2.19354450764412 0.000495253545047038 0.00642308608267071 2.69190830398595e-06 KRT5 downregulated
61 -0.706889116784922 0.000495253545047038 0.00642308608267071 2.70695230068382e-06 RNF165 downregulated
62 -0.923599217236274 0.00051919507744207 0.00673359072228866 2.88759788000576e-06 EGR1 downregulated
63 -1.91475024115052 0.000525780899764672 0.00681900415168518 2.94943497494686e-06 LOC339685 downregulated
64 -0.53826288678287 0.000542322874753451 0.00703354179688309 3.06823125190138e-06 PRKACA downregulated
65 -1.26744399916401 0.000579517985908962 0.00751593592246913 3.38980650529287e-06 SLC16A6 downregulated
66 -0.732285948165419 0.000600910852383181 0.00779338617859186 3.55983799613243e-06 BEND5 downregulated
67 -0.775127821332525 0.000602448529959898 0.00781332876263072 3.61058955003055e-06 SPARCL1 downregulated
68 -1.09504363661443 0.000646109667001359 0.00837958264307079 3.99617140735366e-06 SCG2 downregulated
69 -1.0532963685157 0.000650053937840695 0.0084307370293196 4.05173380252627e-06 MDH1B downregulated
70 -0.454442587298571 0.00066930135713117 0.00868036236205746 4.2037914265802e-06 ACO2 downregulated
71 -1.17099986120119 0.000682899246020213 0.00885671730539991 4.354681867991e-06 FAM86HP downregulated
72 -1.50144815092265 0.000682899246020213 0.00885671730539991 4.34667989579939e-06 ABCC12 downregulated
73 -1.23944812257029 0.000684886834041263 0.00888249490776897 4.40019349674111e-06 C3orf80 downregulated
74 -1.14438604852808 0.000748674971093566 0.00970978165702632 5.06495077800947e-06 SPTSSB downregulated
75 -2.06636943527948 0.000748674971093566 0.00970978165702632 5.09033306147521e-06 SST downregulated
76 -1.03714392639009 0.000748674971093566 0.00970978165702632 5.07283723967116e-06 KCNE5 downregulated
77 -1.0124298739284 0.000797627002834264 0.0103446546769908 5.54518461000951e-06 MIR22HG downregulated
78 -1.48922649938514 0.0008023353183742 0.010405718179352 5.61638569701458e-06 F3 downregulated
79 -1.22613245664856 0.000823190757027615 0.0106761983790445 5.86490716216953e-06 NLRP14 downregulated
80 -1.00772572473863 0.000823190757027615 0.0106761983790445 5.88717929046632e-06 CYP2B7P downregulated
81 -0.607262942830477 0.000863325984649968 0.011196723723172 6.41585691234334e-06 C17orf58 downregulated
82 -0.978019901385701 0.000866349404252369 0.0112359353241075 6.52140079913803e-06 CHML downregulated
83 -0.791022819467535 0.000866349404252369 0.0112359353241075 6.51182617563207e-06 SMIM10L2A downregulated
84 -0.655055909461897 0.00087183335560264 0.0113070582710267 6.67427126262828e-06 ASS1 downregulated
85 -0.794560788444664 0.000908812015525766 0.0117866451781442 7.10247679583353e-06 COL12A1 downregulated
86 -0.536810055475473 0.00100098587303223 0.012982074523894 8.01479794775773e-06 DHRS7B downregulated
87 -0.892068254496197 0.00106577891280527 0.0138223941464029 8.63578828518442e-06 ATP2B1-AS1 downregulated
88 -0.929674319029235 0.0010867587587339 0.0140944878199331 8.9774412422369e-06 CLEC2L downregulated
89 -1.27205359209246 0.0010867587587339 0.0140944878199331 8.88249947703742e-06 IL33 downregulated
90 -1.18586593853236 0.0010867587587339 0.0140944878199331 8.98213333258236e-06 CCDC184 downregulated
91 -0.926801788813567 0.00109637107202577 0.014219152683708 9.14650076868602e-06 GRASP downregulated
92 -1.12856395751364 0.00113375344482278 0.0147039754595387 9.51272248376983e-06 LYRM9 downregulated
93 -1.89746395830559 0.00116959221262226 0.0151687787769002 9.86950325653343e-06 HECTD2-AS1 downregulated
94 -1.1337530173645 0.00118072538324373 0.0153131680780771 1.0133281085517e-05 PPP1R2P3 downregulated
95 -0.962924141187218 0.00120947751089755 0.0156860627152329 1.07753003133589e-05 ABCC11 downregulated
96 -0.669173633761206 0.00120947751089755 0.0156860627152329 1.0712729313041e-05 DNAL4 downregulated
97 -0.798108599592283 0.00124363948345294 0.0161291191913986 1.11502413293235e-05 FXYD7 downregulated
98 -0.779351073735092 0.00124506569779279 0.0161476161765667 1.12227238425969e-05 GPCPD1 downregulated
99 -1.10246627997809 0.00125194421804672 0.016236825689864 1.1344750309768e-05 RBM3 downregulated
100 -0.550225367345706 0.00125733290959222 0.0163067131848973 1.15310346003766e-05 WBP2 downregulated
101 -1.23406257968121 0.00127506727590591 0.0165367152971358 1.17988197847169e-05 ARL4D downregulated
102 -0.569492547075283 0.00131171519209907 0.0170120126934156 1.22637226091633e-05 EFR3B downregulated
103 -1.14028075842379 0.00131807426876075 0.0170944853929303 1.24495675766346e-05 INHBA-AS1 downregulated
104 -0.601143567678277 0.00134602272966935 0.017456957044248 1.27780841192181e-05 LRRC20 downregulated
105 -0.561594943923659 0.00135686092360171 0.0175975207076572 1.2946028853466e-05 ARSG downregulated
106 -0.879222497817419 0.00138151617830686 0.0179172818177898 1.3382983206153e-05 SMIM10L2B downregulated
107 -0.724109427705259 0.00138151617830686 0.0179172818177898 1.34462187369369e-05 LOC100507599 downregulated
108 -0.814139341360133 0.00138507674745203 0.0179634598660874 1.36136900430391e-05 SLC6A17 downregulated
109 -2.45309959724831 0.00138738460107675 0.0179933910854518 1.37694113450107e-05 CLDN34 downregulated
110 -0.774787349137747 0.00138738460107675 0.0179933910854518 1.37629709456199e-05 ZNF441 downregulated
111 -0.633793423608267 0.00140033050381597 0.0181612902323503 1.3965035469805e-05 DLD downregulated
112 -0.536456302695098 0.00141311580675747 0.0183271065141469 1.43550982249169e-05 DPH2 downregulated
113 -0.531441178744949 0.00141311580675747 0.0183271065141469 1.43635494573804e-05 TASP1 downregulated
114 -0.378838612105338 0.00149379414193588 0.0193734471149159 1.5459767597953e-05 PRDM2 downregulated
115 -0.603720119148826 0.00149379414193588 0.0193734471149159 1.54700836485664e-05 FIBP downregulated
116 -0.669794015370347 0.00155995445146798 0.020231499253322 1.62300482316992e-05 IDH2 downregulated
117 -0.69106450218119 0.00158761710408254 0.0205902641744321 1.66513633015275e-05 EXOC3L1 downregulated
118 -0.610611729150819 0.00159001386743341 0.0206213484896812 1.67714940228868e-05 COPS7A downregulated
119 -0.707608999659547 0.0016630001722781 0.0215679289302693 1.77805551334332e-05 ACSL6 downregulated
120 -0.653853072971004 0.00167886649878398 0.0217737038954003 1.81283795428343e-05 SERPINE2 downregulated
121 -0.734364267721402 0.00167886649878398 0.0217737038954003 1.81916780325636e-05 ZNF596 downregulated
122 -0.697163420393019 0.00169606905531666 0.0219968088131872 1.84593985499775e-05 ADAM21 downregulated
123 -1.33329188088384 0.00178334101410013 0.0231286640204352 1.95802412729026e-05 FBLN7 downregulated
124 -1.03542873298969 0.0017965890249975 0.0233004812951807 1.98118365896067e-05 TUBB3 downregulated
125 -1.0254699700508 0.00182572834246878 0.0236783975087647 2.03082406603422e-05 CPLX1 downregulated
126 -1.80111908231389 0.00189720114940205 0.024605348958368 2.12851833418075e-05 LINC01107 downregulated
127 -1.07501862461728 0.00193308889297673 0.0250707874566853 2.17926202214637e-05 SH2D5 downregulated
128 -0.686814392158287 0.00196427614054957 0.0254752638664864 2.26027843760798e-05 NIT2 downregulated
129 -0.444139806491483 0.0021148326562004 0.0274278747463144 2.51464016271611e-05 COG1 downregulated
130 -0.798735208821365 0.00214593078990217 0.0278311954126165 2.57258903398267e-05 KREMEN2 downregulated
131 -4.04857689047426 0.00214593078990217 0.0278311954126165 2.58248371417483e-05 CD70 downregulated
132 -0.706899074964569 0.00215427377208549 0.0279393979551032 2.60285271403147e-05 GPRASP1 downregulated
133 -0.729656361644437 0.00215534505069048 0.027953291676344 2.61861086823839e-05 KIAA1524 downregulated
134 -0.602525493966276 0.00215534505069048 0.027953291676344 2.6439912568675e-05 E2F3 downregulated
135 -2.41466360796099 0.00219818802733654 0.028508934598616 2.70860777209326e-05 PRTN3 downregulated
136 -1.71239080301903 0.00221163759836303 0.0286833659648164 2.74638796555605e-05 PSG8 downregulated
137 -0.699102382561306 0.0022459185545941 0.029127965574593 2.7997258675479e-05 LYNX1 downregulated
138 -1.37322943817784 0.00244054283051291 0.0316521039487772 3.12425054296853e-05 LOC100507194 downregulated
139 -0.843009199791507 0.00253081404373994 0.0328228573520452 3.28177864702911e-05 SCG3 downregulated
140 -0.505127276199145 0.00253081404373994 0.0328228573520452 3.26437594473448e-05 PYGB downregulated
141 -0.743069850450901 0.00253749114056095 0.0329094545467398 3.33352146767847e-05 DPP6 downregulated
142 -0.873773603297409 0.00254709953449219 0.0330340685791961 3.36118796296979e-05 ZNF215 downregulated
143 -1.02120550625167 0.00258184241573922 0.033484659027748 3.42892242009763e-05 PKN2-AS1 downregulated
144 -0.586141523801831 0.00258309371029616 0.0335008874277956 3.44296903419635e-05 CAPNS1 downregulated
145 -0.399672848556521 0.00263142252051924 0.0341276777081285 3.54523530836604e-05 EDF1 downregulated
146 -1.01282802403155 0.00264931131073222 0.0343596825884609 3.6290029644497e-05 HMGCS1 downregulated
147 -0.472455709851336 0.00264931131073222 0.0343596825884609 3.62146487361723e-05 MRPL2 downregulated
148 -0.760521573897345 0.00264931131073222 0.0343596825884609 3.62680764677649e-05 ARMCX5 downregulated
149 -1.85724035872633 0.00267865620954197 0.0347402650457241 3.69346766932541e-05 TCP11 downregulated
150 -0.41933275387219 0.00267865620954197 0.0347402650457241 3.69877253846713e-05 SLC25A5 downregulated
151 -0.837395165631716 0.00268131256984992 0.0347747161487907 3.71529622038945e-05 TCEAL5 downregulated
152 -1.15452462654235 0.00268271501340439 0.0347929048437865 3.74296432325203e-05 LOC101929715 downregulated
153 -0.661616121078367 0.00268706266568943 0.0348492908003609 3.76191349849602e-05 GSTA4 downregulated
154 -0.638121854597297 0.00268985988017827 0.0348855686819292 3.77872630240319e-05 CYP2E1 downregulated
155 -0.698915692890242 0.00271578436364044 0.0352217907859234 3.84118707040289e-05 FAM162A downregulated
156 -0.664978159622315 0.00273225941485179 0.0354354604773476 3.90378916251539e-05 FBXW7 downregulated
157 -0.932924379827732 0.00273788616283794 0.0355084353950276 3.9249554714894e-05 BFSP1 downregulated
158 -0.322387893643403 0.00278954757496392 0.0361784471507353 4.03913970196626e-05 UBAP2L downregulated
159 -0.360932078268776 0.00280521850969411 0.0363816880235662 4.07528028209864e-05 VPS11 downregulated
160 -0.979979027049644 0.00281018550229512 0.0364461063833485 4.09596966341141e-05 WARS downregulated
161 -0.579881783951042 0.00282506379364545 0.0366390672355462 4.131200350299e-05 MPV17L2 downregulated
162 -0.596707996786226 0.00298182643816658 0.0386721671908644 4.41762654932863e-05 BRE downregulated
163 -1.31735723334449 0.00308521405344691 0.0400130309958161 4.61517372908585e-05 STAT4 downregulated
164 -0.751879430173538 0.00308521405344691 0.0400130309958161 4.59451100047955e-05 TTC8 downregulated
165 -1.73447805844103 0.00310036271231631 0.0402094983223568 4.6526994723834e-05 LOC100506274 downregulated
166 -1.02268480458008 0.00311356090147762 0.040380669444636 4.68743406560854e-05 BDNF downregulated
167 -0.6776352070596 0.00315838678983973 0.0409620293209286 4.78520508984684e-05 TFRC downregulated
168 -0.522468815996847 0.00316324522501951 0.0410250397682013 4.82608426479385e-05 BDH1 downregulated
169 -1.66902756178464 0.00317094660758525 0.0411249212201768 4.86504729552322e-05 GBP6 downregulated
170 -1.14141905568343 0.00319404823742497 0.0414245329212832 4.91580516955178e-05 MSC-AS1 downregulated
171 -0.668855539597363 0.00328374650320212 0.0425878556038058 5.09616352182626e-05 KLHDC9 downregulated
172 -1.32805294911962 0.00332444950955151 0.0431157446340212 5.22807421552906e-05 SCHLAP1 downregulated
173 -0.465891519886528 0.00332444950955151 0.0431157446340212 5.22029085699299e-05 ALDH5A1 downregulated
174 -0.93280661038076 0.00338112833330798 0.043850828648448 5.36911736036169e-05 GNG3 downregulated
175 -0.477310941005574 0.0034066448479097 0.0441817596866115 5.44379920527116e-05 EMD downregulated
176 -0.764139271952025 0.003430731587794 0.0444941475640432 5.5277569623296e-05 LOC441086 downregulated
177 -0.29106551599317 0.00343681001051686 0.0445729803816702 5.56955354823176e-05 IVD downregulated
178 -0.449725276578454 0.00344436278227006 0.0446709344571508 5.59830744205566e-05 DDB1 downregulated
179 -0.390038445902794 0.00357412709049932 0.0463538852013713 5.90753835286558e-05 GTF2H3 downregulated
180 -0.596050950666004 0.00357412709049932 0.0463538852013713 5.91141070725328e-05 GSS downregulated
181 -0.747542671205444 0.00360363495766589 0.0467365812422625 6.01268142718381e-05 KLF10 downregulated
182 -0.977504644198645 0.00368340831826106 0.0477711849666197 6.18110424026164e-05 WNT1 downregulated
183 -0.381580673073985 0.00375448252562122 0.0486929668633824 6.34317456023237e-05 RAB5C downregulated
184 -0.385523578252607 0.00387676566874234 0.0502788922193572 6.68815993258243e-05 MRPS18A downregulated
185 -1.36313828779906 0.00388841388377875 0.0504299612801171 6.74884128075901e-05 SFTPA1 downregulated
186 -0.287404417331442 0.00388841388377875 0.0504299612801171 6.74410377178208e-05 TXN2 downregulated
187 -1.25004159736921 0.0039332979182959 0.0510120752706668 6.88331850303497e-05 PRSS35 downregulated
188 -0.77681292444637 0.00396964663271752 0.0514834922328661 6.98499455438141e-05 STAT1 downregulated
189 -1.26708828777387 0.00410364048117181 0.053221297104285 7.26012052333699e-05 ATOH7 downregulated
190 -1.69829247881361 0.00413069001417465 0.0535721103002951 7.35612169950367e-05 H1FNT downregulated
191 -1.0296621226856 0.00426860840703047 0.0553608137201008 7.81222068372713e-05 RFX8 downregulated
192 -1.23780863040606 0.00426860840703047 0.0553608137201008 7.71875423093872e-05 ZBBX downregulated
193 -0.906130787289085 0.00426860840703047 0.0553608137201008 7.79592031711629e-05 HIST1H2BN downregulated
194 -1.56635186349343 0.00426860840703047 0.0553608137201008 7.79078664227218e-05 TAC1 downregulated
195 -0.380042843017324 0.00426860840703047 0.0553608137201008 7.7620723700903e-05 PITPNA downregulated
196 -0.684654279796387 0.00426860840703047 0.0553608137201008 7.71259198768898e-05 ALDOC downregulated
197 -0.392649443936173 0.00426860840703047 0.0553608137201008 7.81803908273309e-05 MANBAL downregulated
198 -0.835408051204234 0.00429731490930102 0.0557331166285002 7.91747649564463e-05 GPR3 downregulated
199 -0.660427398497061 0.00429731490930102 0.0557331166285002 7.90679208533907e-05 PPP1R2 downregulated
200 -0.334651332286636 0.00429731490930102 0.0557331166285002 7.93242671563932e-05 DDHD1 downregulated
201 -1.65827733582078 0.00441342264162008 0.0572389513004725 8.23139189524003e-05 MROH5 downregulated
202 -2.13053714039116 0.00445497973536797 0.0577779172365224 8.37297816687081e-05 LOC101929719 downregulated
203 -1.35158861601966 0.00445497973536797 0.0577779172365224 8.37252187613888e-05 ADRA1D downregulated
204 -1.24046550822751 0.00447321767646964 0.0580144503554434 8.42870281849052e-05 C9orf106 downregulated
205 -1.4898082622276 0.00462099444163727 0.0599310098494298 8.89616391474786e-05 RGS4 downregulated
206 -0.873501774306449 0.00462099444163727 0.0599310098494298 8.96901945909277e-05 NGEF downregulated
207 -0.590533077037122 0.00462099444163727 0.0599310098494298 8.89728289204033e-05 TMEM150C downregulated
208 -0.533678070410443 0.00462099444163727 0.0599310098494298 8.77485683171864e-05 CROT downregulated
209 -3.36967428464235 0.00470439264517271 0.061012625207473 9.26787322589982e-05 CLEC4F downregulated
210 -0.935175879810613 0.00470439264517271 0.061012625207473 9.2702947555544e-05 GAP43 downregulated
211 -0.97486780896278 0.00470439264517271 0.061012625207473 9.23608678538748e-05 TUBB2A downregulated
212 -1.32036289195697 0.00470439264517271 0.061012625207473 9.2492144186452e-05 LINC00943 downregulated
213 -0.92436903629278 0.00479301435318899 0.0621619857018594 9.5126355462361e-05 MORN3 downregulated
214 -0.773107833163362 0.00486495864908244 0.0630950520277893 9.71663180619524e-05 TSPAN7 downregulated
215 -0.528135594403537 0.00486495864908244 0.0630950520277893 9.69819400645896e-05 GLUD2 downregulated
216 -1.03917057068187 0.004923650571022 0.0638562444932352 9.86760290879416e-05 GFRA2 downregulated
217 -0.929658479450359 0.00496359646272314 0.0643743142851861 9.9770638389709e-05 LRTM2 downregulated
218 -0.526575939770624 0.00496359646272314 0.0643743142851861 9.99525585819494e-05 NIPSNAP1 downregulated
219 -2.9718374647549 0.00499407461714554 0.0647695942613797 0.000101338470772844 SFN downregulated
220 -0.675122122372185 0.00499407461714554 0.0647695942613797 0.000101524075258652 PRRT2 downregulated
221 -0.635423086778491 0.00509753627369366 0.0661114183288908 0.00010436054988096 ANKMY2 downregulated
222 -0.531302367633282 0.00525159260387967 0.0681094193129546 0.000108018086352993 SORCS3 downregulated
223 -0.945258654407077 0.0052737341582436 0.0683965795182796 0.000108979211881047 SVOP downregulated
224 -0.62746186087768 0.00529480974451251 0.0686699148758995 0.000109668591342446 SLC45A1 downregulated
225 -1.39242276200029 0.00530980786794764 0.0688644298649708 0.000110233821106647 BAAT downregulated
226 -0.801975514176518 0.00537422784152649 0.0696999110843956 0.000112940028639424 EXOC3-AS1 downregulated
227 -3.00325330406828 0.00537422784152649 0.0696999110843956 0.000113117227905745 IFNL2 downregulated
228 -1.63363946469523 0.00556377624232215 0.0721582189699606 0.000118017135076071 KRT81 downregulated
229 -1.81210753542928 0.00568075123725485 0.0736753014209329 0.000121203159638414 LOC642943 downregulated
230 -0.942724046456405 0.00573841863080664 0.0744232064821904 0.000122983800545168 CALY downregulated
231 -0.388845605331831 0.00575443484004081 0.0746309253196585 0.00012360295384467 ESYT1 downregulated
232 -0.786764216161521 0.00576164427891387 0.0747244266119814 0.000124034054812884 MARCH4 downregulated
233 -0.872736656566474 0.00577058500047424 0.0748403814088683 0.000124503200374618 LINC00346 downregulated
234 -1.52409287572338 0.0057782562368681 0.074939871886445 0.000125488439872971 CD38 downregulated
235 -1.83089628229882 0.0057782562368681 0.074939871886445 0.000125384264628592 LINC01202 downregulated
236 -0.342878797070563 0.00583323808542667 0.0756529473400342 0.000127812715397228 PNPO downregulated
237 -0.956920492523329 0.00583653948593031 0.075695764155462 0.000128164888745078 NCALD downregulated
238 -0.417050271173588 0.00592646818698975 0.0768620754196302 0.000130423785675231 PRKAG1 downregulated
239 -0.469747995229478 0.0059295150137505 0.0769015905947541 0.000131128513667392 ARF1 downregulated
240 -0.450297930820359 0.0059295150137505 0.0769015905947541 0.000131833871743301 PMS2 downregulated
241 -0.256105494834617 0.00593293221628194 0.0769459092800838 0.00013255724278599 TM9SF4 downregulated
242 -0.768098230948172 0.00594526616883306 0.0771058718684745 0.000133402913506922 ANXA6 downregulated
243 -2.22675300560181 0.00594526616883306 0.0771058718684745 0.000133341431773606 PTF1A downregulated
244 -0.316961444354763 0.00620884032397912 0.0805242411150986 0.000140618616205194 LDB1 downregulated
245 -0.53925985428561 0.0062309304867026 0.0808107348074146 0.000141605266850316 TMEM169 downregulated
246 -1.3236717266556 0.00626847587718428 0.0812976718066206 0.00014318732745309 GADD45A downregulated
247 -1.08045313154786 0.00626847587718428 0.0812976718066206 0.000143360166534828 CHGB downregulated
248 -0.596795378645234 0.00630830712639933 0.0818142547671004 0.000144876018293392 DCBLD1 downregulated
249 -0.604208593415734 0.0063211490093062 0.0819808048507886 0.000145940858689645 FAM127A downregulated
250 -0.629972595999216 0.0063211490093062 0.0819808048507886 0.000146015403156867 LOC81691 downregulated
251 -0.576524562714804 0.00634613759237813 0.0823048889926592 0.000146961905217368 CHCHD6 downregulated
252 -1.01039382987841 0.00641659954844638 0.0832187304258119 0.000149208936136381 PAK1 downregulated
253 -0.589298748606855 0.00642208480766424 0.0832898703348432 0.000149644398356658 NRXN3 downregulated
254 -0.611974234267327 0.00643605604885867 0.0834710673919285 0.000150587109931583 NDUFA7 downregulated
255 -0.504968605946891 0.00643875270676136 0.0835060411261252 0.000150958914206564 EML6 downregulated
256 -0.437569718211222 0.00644046653476188 0.0835282682558214 0.000151515652660577 CHP1 downregulated
257 -0.558598476395998 0.00646786710976867 0.0838836342168395 0.000153179939915066 ACP2 downregulated
258 -1.06793163039693 0.00648807214121859 0.0841456790978986 0.000153981670897214 LOC105378385 downregulated
259 -0.559320927906605 0.00652322857348971 0.0846016330089717 0.000155625656940408 FUCA1 downregulated
260 -1.16549015451215 0.00652322857348971 0.0846016330089717 0.000156067078590946 INHA downregulated
261 -0.758917247784353 0.00652322857348971 0.0846016330089717 0.000155936282665237 STX1B downregulated
262 -0.314045706640347 0.00652851095222583 0.0846701417025139 0.000156506471501794 ACOX1 downregulated
263 -0.520380812501141 0.00654621718475415 0.0848997789395747 0.000157689727782059 PRDX2 downregulated
264 -1.08676104708215 0.00657201100144398 0.0852343063885074 0.000158971761003674 TRPA1 downregulated
265 -1.09639013049281 0.00661456398241209 0.0857861882731821 0.000160789372348992 VSNL1 downregulated
266 -0.908489266011583 0.00676778428089831 0.0877733465209762 0.000166136335610104 CAP2 downregulated
267 -0.444091786036504 0.00682372929754729 0.0884989135793578 0.00016792210172307 LOC730098 downregulated
268 -0.679027906150426 0.00687312756108151 0.0890492663108228 0.000171099364235709 NCR3LG1 downregulated
269 -0.66699327087472 0.0068793431911757 0.0890492663108228 0.000171843400422043 PKM downregulated
270 -0.329720470291727 0.006898533749806 0.0892980051228758 0.000172653527228208 SAMM50 downregulated
271 -0.603792026241694 0.00695067981046963 0.0899733382490697 0.000174291870397258 FH downregulated
272 -0.999039542109462 0.00695079254317067 0.0899751252092991 0.000174627956687032 TPBGL downregulated
273 -0.480495253257292 0.00704417950155604 0.091185946908055 0.000178614851528786 RNFT2 downregulated
274 -0.297255682922391 0.00704417950155604 0.091185946908055 0.00017894405983234 TRIM9 downregulated
275 -0.52001479991496 0.0071369607046231 0.0923882902704678 0.000182722559157919 UBE2MP1 downregulated
276 -0.526580200512234 0.00725438846831961 0.0939087262602145 0.000186081307501126 CES2 downregulated
277 -1.32986457684557 0.00742642009366028 0.0961373522278549 0.000191993358511087 TPO downregulated
278 -0.668903713878045 0.00742642009366028 0.0961373522278549 0.00019210438002678 NRP1 downregulated
279 -0.838091966597089 0.00742642009366028 0.0961373522278549 0.000192274385126171 DIRAS1 downregulated
280 -1.28683862652034 0.00763438182623941 0.0988308257464064 0.00019912277477462 DUSP4 downregulated
281 -0.658779071947564 0.00765387142137006 0.099084125242718 0.000200518513138413 RGS7 downregulated
282 -0.358800901860275 0.00765387142137006 0.099084125242718 0.000200732016468784 PRPF4 downregulated
283 -0.277631750464554 0.00803967835690617 0.104080696648637 0.000213163069059266 ABHD2 downregulated
284 -1.627582597941 0.00804027573013251 0.104089779452877 0.000214016855978339 ALB downregulated
285 -1.6966107709677 0.00804027573013251 0.104089779452877 0.000214720888990929 LOC728084 downregulated
286 -0.368160687302461 0.0080662304005994 0.104426125193433 0.000215800765380182 PHB2 downregulated
287 -0.424382277875016 0.00809835854816291 0.104842394521583 0.000217048589366787 FBXO9 downregulated
288 -1.23411507889069 0.00814256387294214 0.105415018503867 0.000218623760312969 CPXM1 downregulated
289 -0.487533329056317 0.00879669758866642 0.113685899988283 0.000239139259374496 RASAL2 downregulated
290 -1.31492018160118 0.00883462062962544 0.114176712632747 0.000240593782309405 HSPB3 downregulated
291 -0.537677500307508 0.00891111156064969 0.115166682636174 0.000243302249295182 MPPED2 downregulated
292 -0.673381369913245 0.00892724601613811 0.115382841604385 0.000248284085212141 GRM8 downregulated
293 -1.92657109454625 0.00892724601613811 0.115382841604385 0.000245817653841264 LINC01164 downregulated
294 -0.622854539987822 0.00892724601613811 0.115382841604385 0.000245280914569395 ADAM11 downregulated
295 -0.679727728825227 0.00892724601613811 0.115382841604385 0.000248277271116598 ZNF442 downregulated
296 -2.35946064212695 0.00892724601613811 0.115382841604385 0.00024868053580938 SYCE3 downregulated
297 -0.361299270564797 0.00895310352436733 0.115717726731265 0.000249830093070997 MTHFD1 downregulated
298 -1.06417929534017 0.00896454559660521 0.115866294684297 0.000250579186020081 OLFM3 downregulated
299 -0.735962028512322 0.00898122996359816 0.116083296083586 0.000251906771285656 BEX4 downregulated
300 -0.910830116225263 0.00898482439215451 0.116134433175844 0.000252572364689672 NAP1L5 downregulated
301 -1.00253731241784 0.00898482439215451 0.116134433175844 0.000254801749513092 LINC01336 downregulated
302 -0.853062649393053 0.00898482439215451 0.116134433175844 0.000254038275341157 LAMB1 downregulated
303 -1.23968147451894 0.00898482439215451 0.116134433175844 0.000254514216878337 C17orf102 downregulated
304 -0.996156961853792 0.00898482439215451 0.116134433175844 0.000254832979277076 RAB3A downregulated
305 -1.38628963786476 0.00904547687590995 0.116919068038796 0.000257178299247955 TPH1 downregulated
306 -1.00304720370517 0.00909754123117338 0.117594025608333 0.000259967136873919 LRRC73 downregulated
307 -1.125954644883 0.00924077159804479 0.119448732434042 0.000265909578747422 ANKRD18DP downregulated
308 -1.03437328768478 0.00924077159804479 0.119448732434042 0.000266275290330581 GJD3 downregulated
309 -1.57607887057506 0.00925504130554468 0.119634502641245 0.000267573951538737 SELP downregulated
310 -0.384931636833366 0.00934112301356039 0.120749206596998 0.000270814220200512 MED19 downregulated
311 -1.43450841699835 0.00934440029639983 0.120792225408671 0.000271949512389831 FREM3 downregulated
312 -0.651136264023702 0.00937400499923752 0.121175570935357 0.000273260537926663 HTR7P1 downregulated
313 -2.54611527680863 0.00941755336098502 0.12173916583603 0.000274981540817945 FATE1 downregulated
314 -0.657981101167368 0.00943405764522715 0.121953820699497 0.000276368088470719 USP11 downregulated
315 -0.621902819763021 0.00943405764522715 0.121953820699497 0.000276343933876905 ATP5B downregulated
316 -0.60547513018929 0.00948592932148329 0.122625669855568 0.000278797270655859 NDUFB5 downregulated
317 -0.524361182392549 0.00948592932148329 0.122625669855568 0.000278506443749758 ARF3 downregulated
318 -1.72073194733216 0.00953292230035898 0.123234456644768 0.000281092545175278 KIF2B downregulated
319 -0.472772388826532 0.00955280104595854 0.123492083966582 0.000282136714019776 ZRANB3 downregulated
320 -0.631938058759128 0.00983289196867475 0.127119479737564 0.000295123477604181 HIGD1A downregulated
321 -0.890239448430151 0.010000864970982 0.129292343523977 0.000301123996824888 KAZALD1 downregulated
322 -0.558137101363939 0.0101118087173385 0.130521433393041 0.000305434122449213 LOC728730 downregulated
323 -0.703664497118502 0.010208694784458 0.131773011288013 0.000308850093924965 DDX25 downregulated
324 -0.782189856493113 0.0103291901717626 0.133330349424187 0.000313485994089549 KIF17 downregulated
325 -1.2694750043755 0.0104126568786025 0.13441073769831 0.000317204842333538 RPLP0P2 downregulated
326 -0.678960732000509 0.0106762802478942 0.137817737486589 0.000327603172011905 CACNB1 downregulated
327 -0.594626043434481 0.0107559448183819 0.138847120408398 0.000330563390160753 OVGP1 downregulated
328 -0.717105356238328 0.0108129602293238 0.139584137909174 0.000332834082908657 SLC22A18 downregulated
329 -0.987564240554576 0.0114295153259258 0.147323278178616 0.000355100250812674 RIIAD1 downregulated
330 -0.561482727703155 0.0116074566378786 0.149391289566709 0.000361741708520931 ATP5A1 downregulated
331 -0.790266946463878 0.011633845882657 0.149736177960931 0.000364217624628142 LZTS1 downregulated
332 -1.4590553825356 0.0117151327710689 0.150789376222555 0.000367963509584857 C1orf94 downregulated
333 -0.515418911766075 0.0117151327710689 0.150789376222555 0.000367705501083265 CCDC191 downregulated
334 -1.06022464475683 0.0117151327710689 0.150789376222555 0.00036876160013924 PTPRD-AS2 downregulated
335 -1.1405870536829 0.0117493788837789 0.151235361442297 0.00037151180436956 CLDN16 downregulated
336 -0.935961910880894 0.0117613791223311 0.15139154787394 0.000372741602333069 LOC102724532 downregulated
337 -0.737355875826423 0.0117860182845236 0.151712137070709 0.000374652640487087 CFAP57 downregulated
338 -0.767877950193048 0.0117939600323826 0.151821179849269 0.000375611206158027 SEZ6L2 downregulated
339 -1.88444212688815 0.0118530440469741 0.15258345554824 0.000379624750605489 LINC01219 downregulated
340 -0.774396984666007 0.0119166371742527 0.153405487819359 0.00038228532352455 PFN2 downregulated
341 -1.03353027185256 0.0119166371742527 0.153405487819359 0.000382804185968708 SYP downregulated
342 -0.547003026862417 0.0119476253555922 0.153807796308692 0.000384945305602817 PIGZ downregulated
343 -0.508218933949734 0.0119683005783048 0.154079016434546 0.000387332928530265 GPC1 downregulated
344 -2.11299827701777 0.0119836580392422 0.154278405357338 0.000388404508535633 SLN downregulated
345 -0.611149549330534 0.0120544851995654 0.155193600119377 0.000391856017898324 APOO downregulated
346 -0.684234651135337 0.0123688060647929 0.159245410939655 0.000403852755915232 PSMA5 downregulated
347 -0.302983248091399 0.0126173868395399 0.162456170117779 0.000415265416136148 GBF1 downregulated
348 -0.652175934706525 0.0126316260487955 0.162644617660721 0.000417162632774135 FAM86EP downregulated
349 -0.590327418799354 0.0126316260487955 0.162644617660721 0.000417884737674108 LIMK1 downregulated
350 -0.864522910546798 0.0126412215261268 0.162769863529842 0.000418808269384552 SCN11A downregulated
351 -0.508421925377131 0.0126446864422171 0.162819534455278 0.000420741832041937 UNC80 downregulated
352 -0.401294067893064 0.0126446864422171 0.162819534455278 0.000419746219496632 EIF4H downregulated
353 -0.338754129110613 0.0126446864422171 0.162819534455278 0.000420226329422209 EXT1 downregulated
354 -0.754941643394018 0.0127312977446139 0.163939833840053 0.000424865418130202 HES4 downregulated
355 -0.530426609578781 0.0127312977446139 0.163939833840053 0.000424309822676243 C16orf87 downregulated
356 -0.527679927915481 0.0128409037935807 0.165352908860901 0.000429733463485608 EOGT downregulated
357 -0.896533531999135 0.0129171946625686 0.166337002381438 0.000432905934177278 BAALC-AS2 downregulated
358 -1.77912543425655 0.0131350115828316 0.169148704929775 0.00044272489536993 ELANE downregulated
359 -0.52277427036239 0.0131519993911585 0.169369167805246 0.000443928061148564 GPC6 downregulated
360 -0.453651182434321 0.0132459844700169 0.170582899237271 0.000448370572749289 IDH3G downregulated
361 -0.696605059502193 0.0134540832857243 0.173269677992023 0.000457994876198123 CLGN downregulated
362 -0.752306398177066 0.0134979486838427 0.173836312409481 0.000460135279005234 SDSL downregulated
363 -0.532000210781795 0.0135529819103676 0.174555270482055 0.000465910151495114 NAPA downregulated
364 -0.402635183888857 0.0135529819103676 0.174555270482055 0.000464562440366859 CHMP4B downregulated
365 -0.753009458818821 0.013623997333661 0.175473291959607 0.000469657864645072 ROBO2 downregulated
366 -1.21266813215144 0.0139316569713292 0.179442718551655 0.000482935608681547 PART1 downregulated
367 -0.282893733966468 0.0139797897190415 0.180064386784051 0.000485274380619745 RRP36 downregulated
368 -2.92969306750774 0.0139890992950231 0.180186001861285 0.000486268254729431 LRRC14B downregulated
369 -0.543941407807857 0.0140005540778454 0.180336942738743 0.000488008956925427 EIF5AL1 downregulated
370 -0.336827454588331 0.0140739962056206 0.181286326026186 0.000491507077412497 CRAT downregulated
371 -0.563285301382465 0.0143358163187683 0.184667384822626 0.000504225417027386 ARF5 downregulated
372 -0.744141044051766 0.0143358163187683 0.184667384822626 0.000504506361316391 SERPINF1 downregulated
373 -0.280058472172239 0.0144921003291642 0.186434445628726 0.000512090806088796 POLR2E downregulated
374 -0.930890149059436 0.0145032276114522 0.186579634780439 0.000513179363151542 ZDHHC23 downregulated
375 -0.552309809301297 0.0145679952565565 0.187416935874643 0.000516868029431452 ACADSB downregulated
376 -0.687630496900096 0.0146682862322087 0.188719384963182 0.000524645995551983 CISD1 downregulated
377 -0.44408819327256 0.0146682862322087 0.188719384963182 0.00052419984314828 APLP2 downregulated
378 -0.786771413186328 0.0146712387249714 0.188763403581503 0.000526861859567701 JHDM1D-AS1 downregulated
379 -1.10858865336979 0.0147061681204114 0.189224763425228 0.000532250736390992 SPDEF downregulated
380 -1.56681602593002 0.0147061681204114 0.189224763425228 0.000529693862295503 ARL5C downregulated
381 -0.55445965076408 0.0148145138589966 0.190624800085121 0.000538399650243055 TCEAL2 downregulated
382 -0.56312512563525 0.0148666724549879 0.191299901016102 0.000541720816310628 MCM4 downregulated
383 -0.314504502788614 0.0148666724549879 0.191299901016102 0.000541248404125238 EIF5A downregulated
384 -0.374870914782028 0.0148671874232366 0.191312419468617 0.000543194406201305 DDOST downregulated
385 -0.566292124362943 0.0148671874232366 0.191312419468617 0.00054387802675023 SPCS1 downregulated
386 -0.550264942661677 0.0148671874232366 0.191312419468617 0.000543535227060902 SSSCA1 downregulated
387 -0.419380662800558 0.014877588814848 0.19144822075414 0.000544971848997644 UQCRC2 downregulated
388 -0.677281899099502 0.0149038309585178 0.191791756098437 0.000548076825295254 CPNE6 downregulated
389 -0.388973104929011 0.0150364918827736 0.193500874950727 0.000553676260534599 NRCAM downregulated
390 -0.636756894016692 0.0150787460253683 0.194046589099632 0.000555955108285384 FARSB downregulated
391 -0.7223932534563 0.0150945154466118 0.194251476999992 0.000557260243270417 LDHA downregulated
392 -2.54891327428252 0.0151629150719742 0.195141446852304 0.000563340687551353 MUC5AC downregulated
393 -0.433938833923023 0.0151629150719742 0.195141446852304 0.000563420395108595 SLC25A3 downregulated
394 -0.566106947490285 0.0151629150719742 0.195141446852304 0.000562152326614668 CLIP3 downregulated
395 -0.60692591844936 0.0151933097450973 0.195551753542803 0.000565536555865988 DMGDH downregulated
396 -0.345513952092788 0.0151933097450973 0.195551753542803 0.000569269583517691 NHP2 downregulated
397 -0.990163439255196 0.0151933097450973 0.195551753542803 0.000569757673090131 KCNB2 downregulated
398 -0.437423236962092 0.0151933097450973 0.195551753542803 0.000566366455544286 LETMD1 downregulated
399 -0.659859773817881 0.0151933097450973 0.195551753542803 0.000567487959329489 MX1 downregulated
400 -0.992305591834259 0.0154027011749878 0.19824872543177 0.000580453714510257 CCKBR downregulated
401 -0.489400967492797 0.0154989682366393 0.199495434572582 0.00058705398220957 SLC8A3 downregulated
402 -0.421133467065793 0.0154989682366393 0.199495434572582 0.000586164886001457 ITPA downregulated
403 -0.598408183577552 0.0155294930440911 0.199894035694734 0.000589162986762913 PPME1 downregulated
404 -0.90691163524024 0.0155552334162927 0.200236654638718 0.000594851912261711 GJB5 downregulated
405 -1.29005127364844 0.0155552334162927 0.200236654638718 0.000594903667935236 SNORD114-21 downregulated
406 -0.543169433964977 0.0155552334162927 0.200236654638718 0.000595897372566423 STMN3 downregulated
407 -0.990352296323977 0.0156379468287078 0.201303268705786 0.000599815767510487 IL1RL2 downregulated
408 -0.357108608677338 0.0157015702766542 0.202127898440127 0.000604514596162118 ST3GAL3 downregulated
409 -1.95830948199088 0.0158548696666771 0.204105097846171 0.000611937003484445 OTOL1 downregulated
410 -0.490860275648178 0.0158649582056913 0.204236845709836 0.000613087036188674 PCDH1 downregulated
411 -0.629485845316085 0.0159309444806848 0.205091936879593 0.000617531835336457 TUBB4B downregulated
412 -0.563672485055929 0.0160810683205524 0.207028361181006 0.000625293494173084 GPI downregulated
413 -0.730128052012288 0.0161893684594722 0.208430134431813 0.000631326133585146 RWDD2B downregulated
414 -0.416526999733511 0.0162086376444336 0.208685664321574 0.000635894718472138 TUBG1 downregulated
415 -0.6313330580171 0.0164487118408931 0.211782232817038 0.000647593609143015 BZW2 downregulated
416 -0.721766876045863 0.0164487118408931 0.211782232817038 0.000648263946550996 LOC101929748 downregulated
417 -0.809394634997455 0.0164818315351117 0.212210527562379 0.000650359464611254 ATP6V1G2 downregulated
418 -1.19129289247675 0.0166325641574312 0.21416619593239 0.000659086259891037 IQGAP3 downregulated
419 -0.385266303421795 0.0166325641574312 0.21416619593239 0.000659730835608964 ZCCHC17 downregulated
420 -0.494878910178 0.0166325641574312 0.21416619593239 0.000659303246201955 MARC2 downregulated
421 -0.686995863928482 0.0166325641574312 0.21416619593239 0.000660268793565386 C14orf79 downregulated
422 -1.61064915680496 0.0166325641574312 0.21416619593239 0.000660790610946436 MYBPC2 downregulated
423 -1.00015276458174 0.0166595881819344 0.214516014139152 0.000664562370780526 PLK4 downregulated
424 -0.328993955808911 0.0166694405965749 0.214644723003359 0.000665754615570163 DHX35 downregulated
425 -0.667118520466456 0.0166733655411307 0.214701339371008 0.000667517658154853 SUB1 downregulated
426 -0.831962106138212 0.0166733655411307 0.214702600429826 0.000669109026126788 NPTXR downregulated
427 -0.310696442667604 0.016720090277105 0.215307926954102 0.00067217927661484 RABEPK downregulated
428 -0.896710611058858 0.0167506412915728 0.215712214307154 0.000675056508721127 ZNF860 downregulated
429 -0.708251467988799 0.0167506412915728 0.215712214307154 0.000678635081333797 NDUFA5 downregulated
430 -0.713468299589725 0.0167506412915728 0.215712214307154 0.00067687467233881 CEND1 downregulated
431 -0.987934850643618 0.0167506412915728 0.215712214307154 0.000677903968177788 SNAP25 downregulated
432 -0.54458660718129 0.0168446362428814 0.216926278453576 0.00068405844070195 CBR3 downregulated
433 -0.302122186980142 0.0169562764455801 0.218365799264791 0.000689405112233396 PIGS downregulated
434 -0.810019432013534 0.0169658412446396 0.218490784451557 0.000690607432358392 C17orf107 downregulated
435 -0.660888212727586 0.0169890548843228 0.218795142461981 0.000693772597301877 LOC101930094 downregulated
436 -0.588857818704852 0.0170575067343577 0.219680303774581 0.000698197646905714 ATP6V1G1 downregulated
437 -0.900981377092561 0.0170609825559126 0.219726861159599 0.00069938821907778 EGR4 downregulated
438 -0.426190752122585 0.0170710640868792 0.219863834876089 0.000703075420752229 PLAA downregulated
439 -0.26963920664601 0.0171166061323312 0.220453937876796 0.000706592409260063 SRPRA downregulated
440 -0.647046492409121 0.0171843619988764 0.221328378867376 0.000710213359688901 MAP10 downregulated
441 -0.73625314983959 0.0172289613058819 0.221908121819351 0.000714534761930662 PNPLA3 downregulated
442 -0.897417852370072 0.0172938738924308 0.222754762986999 0.000720467676650874 CYP4F11 downregulated
443 -1.53416083397272 0.0172938738924308 0.222754762986999 0.00072205166444655 RAD21L1 downregulated
444 -0.910275415218923 0.017330788280031 0.223231992359638 0.000724574357778543 PDP1 downregulated
445 -0.530284801790586 0.0174362294171742 0.224591901874934 0.000729818683472844 CRMP1 downregulated
446 -0.511074223395127 0.0174695344586028 0.225022653576427 0.000732050300465977 ATP13A2 downregulated
447 -0.336355239802928 0.0175161347919832 0.225629914607134 0.000735923495719245 MAP3K13 downregulated
448 -1.13778289920016 0.0175161347919832 0.225629914607134 0.000737049175332087 CBX3P2 downregulated
449 -0.358466460199154 0.017863215217135 0.230107831436541 0.00075539894622971 LRP8 downregulated
450 -1.00652906343715 0.0178779753349687 0.230301486796517 0.000757737459659219 KMO downregulated
451 -0.600015129522983 0.0179075033068074 0.230683619104335 0.00075984755365223 GPM6A downregulated
452 -0.585311980748789 0.0179948596709807 0.231815963545463 0.00076700533382087 PNKD downregulated
453 -0.473143981729838 0.0180121310109707 0.232040206719053 0.000768605101393484 LRP12 downregulated
454 -2.28393301973838 0.0180476827489352 0.232501690746022 0.000771852759843228 CARTPT downregulated
455 -0.615786148688304 0.018106659445411 0.233264952657577 0.000776111307675956 ELAC1 downregulated
456 -0.544607644360584 0.0181176090863113 0.23341121924538 0.000777722675881372 BCAS2 downregulated
457 -1.11830372989368 0.0181176090863113 0.23341121924538 0.00077860228172233 SDS downregulated
458 -1.52681879777167 0.0181176090863113 0.23341121924538 0.000779186620818968 LINC00460 downregulated
459 -0.561116168040482 0.0181848031080097 0.234280350609101 0.000783820203965129 S100A16 downregulated
460 -0.601706937837871 0.0181848031080097 0.234280350609101 0.000783275587884694 TOX2 downregulated
461 -0.316392521399664 0.0182684369725994 0.235366461885353 0.000791804527172166 TCEAL4 downregulated
462 -0.597474981966974 0.0182684369725994 0.235366461885353 0.000791134288309941 GHITM downregulated
463 -0.540327909017334 0.0182684369725994 0.235366461885353 0.000790541754204642 PRPF19 downregulated
464 -0.589382744524841 0.0182684369725994 0.235366461885353 0.000791224008892775 ACTG1 downregulated
465 -0.281901916493653 0.0183065208844034 0.235858844856578 0.000794332905038359 EDEM1 downregulated
466 -0.535083102986452 0.0183679786644408 0.236655808679119 0.000799331701776144 MBNL1-AS1 downregulated
467 -0.587729769491799 0.0183679786644408 0.236655808679119 0.000799641589265581 TUBB downregulated
468 -0.522110495082617 0.0185022235686454 0.238397412745228 0.000811373627174962 RFTN1 downregulated
469 -0.612412477014644 0.0185022235686454 0.238397412745228 0.000811190455392667 THAP9-AS1 downregulated
470 -0.65372342064043 0.0185022235686454 0.238397412745228 0.000808977965443269 VDAC1 downregulated
471 -0.444192767993876 0.0185022235686454 0.238397412745228 0.000811684802157903 GABBR1 downregulated
472 -1.45491680388492 0.0185440320046559 0.238939501000366 0.000815307922916502 LIN28B-AS1 downregulated
473 -0.397082379052594 0.0185527721821342 0.239055499937228 0.00081664456687958 PYM1 downregulated
474 -0.324778239967481 0.0186356392318087 0.240126637770677 0.000822571806399568 CSTF2 downregulated
475 -0.405732489326977 0.0187282952741558 0.241330652929213 0.000832388633031711 ENO1 downregulated
476 -0.680737077675264 0.0187436419769924 0.241531752709264 0.000834868072907222 DCLK1 downregulated
477 -2.03661498877535 0.0187814600142484 0.24202241470286 0.000838197102739562 CSF3 downregulated
478 -0.464474024228005 0.0188178410173941 0.242492895142646 0.000840879696419009 CDC37 downregulated
479 -0.647445119235968 0.019018495678961 0.245081954111829 0.000851669701498277 DYNC2LI1 downregulated
480 -0.24380517927221 0.0190302047040546 0.245234516677345 0.000853106458181475 MARCH2 downregulated
481 -0.571623242288807 0.019059766601551 0.245617142027244 0.000855345521362215 ADGRA1 downregulated
482 -1.09462891362162 0.0190605753716228 0.24562923409867 0.000856295686014796 CRYM downregulated
483 -0.486286646714442 0.0190785937742424 0.245869736641793 0.00085931477961678 LANCL2 downregulated
484 -0.207845651110378 0.0190785937742424 0.245869736641793 0.000861200786839098 RABGEF1 downregulated
485 -0.415895342104835 0.0190785937742424 0.245869736641793 0.000861393154067387 CDC123 downregulated
486 -0.810135138879622 0.0190960753978227 0.246096677619275 0.000863383952636851 CTSO downregulated
487 -1.09917903407995 0.0192556882434461 0.248166853699706 0.000873861765690416 SEMA3G downregulated
488 -0.911459508096349 0.0192556882434461 0.248166853699706 0.000877423040313917 TACR2 downregulated
489 -0.312565060852964 0.0193815995960193 0.249794521101169 0.000886515127516057 BBS5 downregulated
490 -0.513251256669578 0.0193815995960193 0.249794521101169 0.000886452340914101 PREP downregulated
491 -1.10029865156401 0.0195745942570101 0.252291735903794 0.000900973797129485 C11orf21 downregulated
492 -0.689795038659316 0.0197135511988996 0.254089263470153 0.000911150374250336 MLIP downregulated
493 -0.639563731629797 0.0197364480749829 0.254387640648124 0.000913510909751499 UBLCP1 downregulated
494 -0.430527000459934 0.0198705526652466 0.256119412201675 0.000922217719708427 GAPDH downregulated
495 -0.763272556849957 0.0199016799144377 0.256523881832119 0.000924818140740475 HAPLN1 downregulated
496 -0.37328364444672 0.0199016799144377 0.256523881832119 0.000925570768423289 RMND1 downregulated
497 -0.338866366941236 0.0200933309966964 0.259008817606131 0.000941805956919479 ECHS1 downregulated
498 -0.451066669711952 0.0200933309966964 0.259008817606131 0.000943154386813337 ME3 downregulated
499 -1.18555283606565 0.0201135017437607 0.259270435882285 0.000945065527587164 CD244 downregulated
500 -0.74775731372381 0.0201652380207934 0.259940557088463 0.000949430106746853 ZFR2 downregulated
501 -0.53331332239285 0.0202155081642262 0.26059338571145 0.000954704681486446 SLC16A14 downregulated
502 -1.19576406294391 0.0203512447812439 0.262082423337457 0.000963066529179063 LOC100130872 downregulated
503 -0.477373419940972 0.0203975853178615 0.262682935612511 0.000967215413499787 SGIP1 downregulated
504 -0.47033869946261 0.0206403029921435 0.265814337236402 0.00098169346349937 PSMB2 downregulated
505 -1.75215545852178 0.020741042856707 0.267115472728909 0.000988473730621218 TMEM247 downregulated
506 -0.327598676695958 0.0208573354664515 0.268618810366423 0.000997016035865759 MECR downregulated
507 -0.372058545590927 0.0209707132772262 0.270082757763802 0.00100444659174133 TSFM downregulated
508 -0.536334647498964 0.0210770047592299 0.271453579374418 0.00101054824563599 MDH2 downregulated
509 -0.509723916898175 0.0210863949400461 0.271578284906292 0.00101302045979413 LRRC8B downregulated
510 -0.381425486469488 0.0211217948087722 0.272037970425666 0.00101584441659645 GPATCH2 downregulated
511 -0.441527547370914 0.0211379669990905 0.272248135632409 0.0010185384683361 ANAPC13 downregulated
512 -0.596196466006306 0.0212412572371484 0.273580351577805 0.00102453395889012 UBE2N downregulated
513 -0.521800758924563 0.0213537163844786 0.275032558989639 0.00103200585489545 GLUD1 downregulated
514 -2.07830620660122 0.0214655469720302 0.276205107238038 0.00103946888055571 C2orf48 downregulated
515 -1.01694552620286 0.021611706554617 0.278096562164279 0.00105172758080914 FAM21EP downregulated
516 -1.48725052611273 0.021611706554617 0.278096562164279 0.00104998703660856 KIRREL3-AS3 downregulated
517 -0.807213376460661 0.021611706554617 0.278096562164279 0.00104972084927391 PCED1B downregulated
518 -0.759531267149099 0.02163615935135 0.278417633795163 0.00105442728869778 ABRACL downregulated
519 -1.34606392747643 0.02163615935135 0.278417633795163 0.00105602964087234 LOC339260 downregulated
520 -0.60650458367626 0.0216575502628583 0.278695028081985 0.00105811208313049 GRIA3 downregulated
521 -1.3832102960083 0.0217686036059476 0.280130497041127 0.00106666888264268 MYLK2 downregulated
522 -0.50905300704124 0.0218217433308325 0.280818588563452 0.00107136525726483 FNDC4 downregulated
523 -0.340405525258005 0.0218505950356199 0.28119412309952 0.00107487704399223 TMEM231 downregulated
524 -0.96347982940055 0.0218537464942855 0.281236797758471 0.00107607986046081 DUSP27 downregulated
525 -1.02487285815051 0.0219016324577101 0.281859389773399 0.00108158802471311 LINC01119 downregulated
526 -1.72833627462806 0.0219016324577101 0.281859389773399 0.00108050976463413 FAM66E downregulated
527 -0.570408389880605 0.0219016324577101 0.281859389773399 0.00108117936147281 CASC1 downregulated
528 -0.412613084582117 0.0219182309368918 0.282077214309478 0.00108414231898701 WDR46 downregulated
529 -1.25713384787669 0.0219182309368918 0.282077214309478 0.00108450948491501 LOC101929473 downregulated
530 -0.686531884906447 0.0219653791414642 0.282690292309091 0.001089622156407 STX1A downregulated
531 -0.265629183906792 0.0219653791414642 0.282690292309091 0.00109000179371029 ALDH18A1 downregulated
532 -0.405908151110854 0.021975216972406 0.282821087119034 0.00109193794429306 DNASE1L1 downregulated
533 -0.346569680800344 0.0219928745052663 0.283050427168576 0.00109452959373191 DNTTIP1 downregulated
534 -1.03644278884121 0.0220402965333328 0.283662841338242 0.00109794640159816 RND1 downregulated
535 -0.667512891187596 0.0221809125341721 0.285204904335381 0.00110707819667609 CHRNB2 downregulated
536 -0.904963067134389 0.0221858379211633 0.285282248613107 0.00111370630020894 CAMK1G downregulated
537 -0.392660036271218 0.0221858379211633 0.285282248613107 0.00111287765340223 FKBP9 downregulated
538 -0.623348089797593 0.0221858379211633 0.285282248613107 0.00111257208600516 SHC3 downregulated
539 -1.36353589254555 0.0221858379211633 0.285282248613107 0.00111121746851758 LINC00567 downregulated
540 -1.02279057005606 0.0222509101558515 0.286121323365017 0.00111803969139053 SERTM1 downregulated
541 -0.442479924585227 0.0224028731186758 0.288080065925356 0.00112782359757442 NEU3 downregulated
542 -1.08596898700663 0.0226005006825653 0.29062606782872 0.00113993991072823 LOC100506271 downregulated
543 -0.41643735135594 0.0226367467194643 0.29109451055357 0.00114285344467545 MMP24-AS1 downregulated
544 -0.453688605317772 0.0227190532304126 0.292164622378765 0.00115245521013456 KIF1BP downregulated
545 -1.01749909905328 0.0227386201317752 0.292425540942762 0.00115729039186386 LPA downregulated
546 -0.59450932618802 0.0227386201317752 0.292425540942762 0.00115780862923456 PIM2 downregulated
547 -0.436765837403341 0.0227386201317752 0.292425540942762 0.00115750927906509 TIMM10 downregulated
548 -1.5872132965113 0.0227386201317752 0.292425540942762 0.00115769056790852 LOC101927292 downregulated
549 -0.895415407852975 0.022849191033327 0.293852157849013 0.00116562972908184 FAM81A downregulated
550 -0.9165791929807 0.0229924362950973 0.29570133792799 0.00117624440364716 GABRA1 downregulated
551 -0.428838005227091 0.0230158048366603 0.296008818088302 0.00118075040395198 SEC24D downregulated
552 -0.780778428734664 0.0231482578392271 0.297719253878865 0.00119087503770871 CLSTN3 downregulated
553 -0.68141744855526 0.0234297912574923 0.301349480408993 0.00120985209686528 ANO1 downregulated
554 -1.60490885465782 0.0235391398468516 0.302767495825793 0.00121905233596176 SLC30A8 downregulated
555 -0.858759769268085 0.0235391398468516 0.302767495825793 0.00122021999009322 NAP1L2 downregulated
556 -0.347930172702188 0.0238347593353774 0.306586099590263 0.00124447681431778 SPIN3 downregulated
557 -0.543681718199009 0.0238347593353774 0.306586099590263 0.00124216023376406 PGAM1 downregulated
558 -0.659419429453163 0.0238347593353774 0.306586099590263 0.00124113718015128 PAMR1 downregulated
559 -0.489314414530985 0.0238347593353774 0.306586099590263 0.00124131630542717 NARS downregulated
560 -0.743783611903569 0.0238347593353774 0.306586099590263 0.00124254909337835 CALM3 downregulated
561 -0.657006579153657 0.0238424108366018 0.306686826981776 0.00124601945686801 DLGAP1 downregulated
562 -0.739111372122171 0.0240263281449529 0.309054889775074 0.00125678304675378 SORCS1 downregulated
563 -1.12890074225938 0.0243655841951194 0.313425832245457 0.00127803371095846 LMX1B downregulated
564 -1.07389008931491 0.0245716269793284 0.316090324469985 0.00129590975103137 ADGRG5 downregulated
565 -0.473982420776564 0.0246127430454844 0.316626231891974 0.00130161842926448 BOLA3 downregulated
566 -0.719502205102884 0.0246127430454844 0.316626231891974 0.00129961818293676 CHRM1 downregulated
567 -0.596506635303285 0.0246222209839981 0.316755113021903 0.00130462754966046 BEX3 downregulated
568 -0.34458596020036 0.0246222209839981 0.316755113021903 0.00130377285698726 C12orf49 downregulated
569 -0.833652243936689 0.0246657629545273 0.317322192009615 0.00131126652995391 SYT12 downregulated
570 -0.300344737012022 0.0246657629545273 0.317322192009615 0.00130927133251503 HMG20A downregulated
571 -0.463810595049679 0.0246657629545273 0.317322192009615 0.00131151800913702 DHX58 downregulated
572 -0.446989596872086 0.0247384964194209 0.318262511772467 0.00131775756446165 APEX1 downregulated
573 -0.613116686223615 0.0247384964194209 0.318262511772467 0.00131753652781508 TMEM241 downregulated
574 -0.684113918773604 0.0247768999049138 0.318758878805254 0.0013209911633631 BAIAP2-AS1 downregulated
575 -0.637443057939825 0.0248041531473152 0.319111798126353 0.0013236334301655 CYP4X1 downregulated
576 -0.335341100498248 0.0249541300874002 0.321068761087561 0.00134599397556337 MYSM1 downregulated
577 -0.378344477202222 0.0249541300874002 0.321068761087561 0.00133969989120953 GRINA downregulated
578 -0.623363601198092 0.0249541300874002 0.321068761087561 0.0013443977437532 HK1 downregulated
579 -0.359264156442301 0.0249541300874002 0.321068761087561 0.00134442697841935 WBP11 downregulated
580 -0.396834603832233 0.0249541300874002 0.321068761087561 0.0013407735999284 BBS4 downregulated
581 -0.741377920760037 0.0251448722263671 0.323527474316076 0.00135869353210509 CACNG8 downregulated
582 -0.49670205754309 0.0253880272052398 0.326672013032021 0.00138009496647219 MCM6 downregulated
583 -0.530159997405555 0.0255038605437382 0.328167009348705 0.00138909649411164 MRPL55 downregulated
584 -0.375661763359856 0.025504381902617 0.328175986586863 0.00139034771171672 VPS33B downregulated
585 -0.428468250405969 0.0255127657341941 0.32829515323885 0.00139481234170062 ALKBH6 downregulated
586 -0.51918497573589 0.0255127657341941 0.32829515323885 0.00139590600561932 RSPH1 downregulated
587 -0.908794459020375 0.0258068644553291 0.332084119277582 0.00141549853463569 LOC339529 downregulated
588 -1.0981126606673 0.0258430093135795 0.332553763488861 0.00141882814746491 ANGPTL4 downregulated
589 -0.532674142362553 0.0258587223889325 0.332758223553119 0.00142206235700751 TMX4 downregulated
590 -0.340650313452705 0.0259000880863489 0.333295047162493 0.0014262670082294 RNF25 downregulated
591 -0.75654103855451 0.0259230653375936 0.333599724485708 0.00142988421412469 SLC39A10 downregulated
592 -0.348526520315429 0.0262056966863918 0.337243640141218 0.00145245171258901 TUBG2 downregulated
593 -0.329402533697025 0.0263239270493427 0.338771932353549 0.00146256085846541 PCNX2 downregulated
594 -0.451053875187647 0.0263239270493427 0.338771932353549 0.00146279097905682 ZMAT2 downregulated
595 -0.506091715662538 0.0263239270493427 0.338771932353549 0.00146116992028348 PDE4A downregulated
596 -0.395887762547279 0.0264709297640179 0.340681757963811 0.00148111305722822 ZNF10 downregulated
597 -0.913397466580914 0.0264752906262539 0.340740115031832 0.00148262643004577 SLC12A1 downregulated
598 -0.699942256286865 0.0265379617675136 0.341551164445741 0.00148868079148444 LOC105370424 downregulated
599 -0.504702016545711 0.0265402725434586 0.341583131527022 0.00149008290494271 IL1RAP downregulated
600 -0.42798722955494 0.0270845969421643 0.348600092502682 0.00152713650112601 TM2D2 downregulated
601 -0.473750080975355 0.0272812725669206 0.351138248616513 0.00154214989482665 LOC100126784 downregulated
602 -1.59066777685152 0.0272839430559882 0.351177125968114 0.00154491713808899 OR6X1 downregulated
603 -0.427931849160733 0.0272839430559882 0.351177125968114 0.00154484556242192 CHMP1B downregulated
604 -0.457258870100853 0.0272940375617207 0.351309302236435 0.00154679735330843 C16orf58 downregulated
605 -0.742639226405161 0.0273299644353239 0.351773974255294 0.00155014373720996 RGS20 downregulated
606 -0.435706192333403 0.0277256246073708 0.356882511616949 0.00158189064979485 ATP5F1 downregulated
607 -0.355286275624359 0.0277883028613447 0.357691556539275 0.00158679909420633 XXYLT1 downregulated
608 -0.436528838510573 0.0277919073681073 0.35774245183714 0.001588501418195 HMCES downregulated
609 -0.485579358941157 0.0277919073681073 0.35774245183714 0.00158966991849988 LGMN downregulated
610 -0.539453672512937 0.0279623713437665 0.359938952084739 0.00160076096200111 ZNF214 downregulated
611 -0.4120151485959 0.0280410248718836 0.360953660605442 0.00160660807987251 ANP32E downregulated
612 -1.33650485703781 0.0280539340989331 0.361122089628391 0.00160869277376056 MUC5B downregulated
613 -1.04153717071739 0.0282882000302066 0.364142200106935 0.00162483883761746 CCR6 downregulated
614 -0.349756886186614 0.0283073276287804 0.364392950200993 0.00162865192283341 TPM3 downregulated
615 -0.381147676295326 0.0286499861430472 0.36881529736387 0.0016552348517223 RNF181 downregulated
616 -1.0415957240453 0.0287166510668391 0.369675756761723 0.00166046321074977 TRIM54 downregulated
617 -0.412423750442005 0.0287249169700257 0.369786700583386 0.00166348349780802 MRPS21 downregulated
618 -2.42142911534779 0.0287379402361021 0.369958876206745 0.00166639688319127 IFNA5 downregulated
619 -0.485741096992509 0.0289643976343432 0.372878726329766 0.00168312077157903 PYCRL downregulated
620 -0.879950776425091 0.0289701649007964 0.372955238668175 0.00168484489738054 MDH1 downregulated
621 -0.611684184136354 0.0290328286666157 0.37347635515206 0.0016940016048594 F5 downregulated
622 -0.457604118525682 0.0290328286666157 0.37347635515206 0.00169072614953571 CSMD1 downregulated
623 -0.801594845386623 0.0290328286666157 0.37347635515206 0.00169492589319422 HAR1A downregulated
624 -0.557253589063042 0.0292654425420858 0.376476180222347 0.00171745225447155 MGAT4C downregulated
625 -0.353421014267091 0.0293158425967266 0.377127030848194 0.00172181556220886 DNAJC30 downregulated
626 -1.24967428208635 0.0294598975687215 0.378985195440616 0.00173310132410324 SLC30A3 downregulated
627 -0.403576875433573 0.0295362625417538 0.379970089731034 0.00173900994396479 ACLY downregulated
628 -0.430988043239455 0.0295766878677382 0.380492643257119 0.00174280814064584 C11orf1 downregulated
629 -0.675738447020259 0.0297572100743435 0.38281750355843 0.00175487214802908 PLCB1 downregulated
630 -0.630393342955442 0.0299175872209508 0.384900765428677 0.00177459544235048 HERC6 downregulated
631 -0.547411939878662 0.0299175872209508 0.384900765428677 0.00176917575830101 USP5 downregulated
632 -0.55643304662259 0.0299175872209508 0.384900765428677 0.0017758053880969 DCT downregulated
633 -0.464036773619215 0.0299175872209508 0.384900765428677 0.00177427390505542 REEP6 downregulated
634 -0.688566453522028 0.0299175872209508 0.384900765428677 0.00177521361961862 TPX2 downregulated
635 -0.939579173987791 0.0300200821819227 0.386229367913176 0.00178764645298691 ARHGEF7-AS2 downregulated
636 -1.18244582285827 0.0300449073126853 0.386551244480968 0.00179056526775988 LINC00937 downregulated
637 -0.363909725738407 0.0301220051195733 0.387548136713771 0.00179786479910714 MRPL30 downregulated
638 -0.780117883597415 0.0301220051195733 0.387548136713771 0.00179804844291455 SCN3B downregulated
639 -0.67001177009132 0.0301500740790186 0.387911751155021 0.00180116950196371 DLG3 downregulated
640 -0.386017606521157 0.0302305689705368 0.388949884174758 0.00180742769843503 VPS25 downregulated
641 -0.914742499205796 0.0304684929103219 0.392018525056161 0.00182603519863367 PRKCG downregulated
642 -0.734732837753861 0.0304858377670566 0.392244178633751 0.00182853636892112 DCTN1-AS1 downregulated
643 -1.2276670478561 0.0304872615962147 0.392264982865921 0.00183008349803235 HHLA2 downregulated
644 -0.660828768210323 0.0306763538325401 0.394705418419812 0.00184584667305163 AGBL4 downregulated
645 -0.740618158536559 0.0306763538325401 0.394705418419812 0.00184580321960875 PTGS2 downregulated
646 -0.449511138997379 0.0306763538325401 0.394705418419812 0.00184534229080694 OSCP1 downregulated
647 -0.653309003936763 0.0307421129207311 0.395554014694273 0.00185127745257891 LOC653160 downregulated
648 -0.742689858082752 0.0308440356515153 0.396870422558931 0.00186037286520623 MAEL downregulated
649 -0.793883531426767 0.0312403834532781 0.401985281062162 0.00189326579493424 RSAD2 downregulated
650 -0.539583895824508 0.0312911756483606 0.402641347437978 0.00189784423431827 CCDC58 downregulated
651 -0.449332402050846 0.0313386448614014 0.403254659038192 0.0019022258423807 MAK16 downregulated
652 -0.497936279417785 0.031342593479673 0.403307963118565 0.00190396825711971 LOC101928433 downregulated
653 -1.82370000955167 0.0314013262918096 0.404071195502218 0.0019120527588147 UCHL1-AS1 downregulated
654 -0.459902363183767 0.0317025056126287 0.407961747567403 0.00193915718408134 NUCB1 downregulated
655 -0.743795168881212 0.0319782675042912 0.411520372552973 0.00196251533803964 NMNAT2 downregulated
656 -0.613553147178406 0.0320170058921961 0.412021380570543 0.00196642779632273 EXTL1 downregulated
657 -0.58557490847151 0.0320191969638662 0.412052066744964 0.00196809754555672 VWA5B2 downregulated
658 -1.27562929126239 0.0320289847591755 0.41218547312012 0.00197126553405457 LOC101927960 downregulated
659 -0.863696709694619 0.0320289847591755 0.41218547312012 0.00197194667050805 AMIGO2 downregulated
660 -0.499870114091124 0.0320289847591755 0.41218547312012 0.00197330610421156 LMO7 downregulated
661 -0.398581348012709 0.0322567882143232 0.415122089034549 0.00199043421545927 ABI2 downregulated
662 -0.807199277850031 0.0323026929123111 0.415727723879234 0.00199795912259428 LOC100288181 downregulated
663 -0.485043437074567 0.0323026929123111 0.415727723879234 0.0019999010802359 PFKM downregulated
664 -0.525062127252866 0.0323026929123111 0.415727723879234 0.00200255942540242 LINC01521 downregulated
665 -0.864945568044232 0.0325600830199416 0.419045238147113 0.0020216381795476 ZNF664-FAM101A downregulated
666 -1.31186387972209 0.0325791504376043 0.419293113184497 0.00202438409009614 PSG3 downregulated
667 -0.489481241956886 0.0326118837249288 0.419724278699274 0.00203267242855672 CMPK2 downregulated
668 -0.390675940866846 0.0326118837249288 0.419724278699274 0.00203212838220497 PCDHB18P downregulated
669 -0.745461149194959 0.0326118837249288 0.419724278699274 0.0020297166950383 PTK2B downregulated
670 -0.436859569240389 0.032691072041142 0.42074838866752 0.00204074295428714 CHCHD2 downregulated
671 -0.590937935496076 0.032693069026837 0.42078636011564 0.00204390172295735 NDFIP1 downregulated
672 -0.76933737930498 0.0327394217241119 0.421385403155423 0.0020531794416809 SYT5 downregulated
673 -0.624616549032082 0.0328533819581202 0.422854623428563 0.00206190137523035 C17orf97 downregulated
674 -0.292244739160655 0.0329194825329125 0.423717625204024 0.00207394160465297 DNAJC11 downregulated
675 -0.710318280026817 0.0329194825329125 0.423717625204024 0.00207060277391098 CHIT1 downregulated
676 -0.726696506879876 0.0329194825329125 0.423717625204024 0.00207007780750352 RCAN2 downregulated
677 -1.1062731407058 0.032992260757714 0.424666536625362 0.00208488316892058 STAG3L5P downregulated
678 -0.219914867304417 0.032992260757714 0.424666536625362 0.00208284285484239 TOX4 downregulated
679 -0.575136425003978 0.0330068719195871 0.424857028972827 0.00208894236629692 C5orf22 downregulated
680 -0.578147846272626 0.0332445100952014 0.427929274474901 0.00211195797646493 PAM downregulated
681 -0.9328429019618 0.0333154005731042 0.428845349281702 0.00211964983269451 LOC101926941 downregulated
682 -0.447966769657489 0.0333972567532296 0.429906278311126 0.00212966157557632 FAM149A downregulated
683 -0.622061703615777 0.0336004225268461 0.432531208979278 0.00214859616833473 FAM131A downregulated
684 -0.781519751166314 0.0336004225268461 0.432531208979278 0.00214906092203158 COL25A1 downregulated
685 -0.40292487478767 0.0336578198675477 0.433272487733623 0.00215434576032872 TRIM35 downregulated
686 -0.472302914392224 0.0337637641338066 0.434645947384522 0.00216760225224946 TIMM23 downregulated
687 -0.468304926181711 0.0339595988465871 0.437174201259008 0.0021850592919461 ST6GAL2 downregulated
688 -0.503209101242184 0.0339595988465871 0.437174201259008 0.00218409519070894 NCBP2-AS2 downregulated
689 -0.4826362185091 0.0340774475624666 0.438696138974154 0.00219590974368102 SH2D3C downregulated
690 -0.739264029150723 0.0341078531744584 0.439092384339641 0.00220113968321528 COL24A1 downregulated
691 -0.489352582171443 0.0342101648106833 0.440414326829091 0.00221102278203007 TMX3 downregulated
692 -0.801017546954222 0.0343602087446266 0.442360395006919 0.00223060471976911 TRIM36 downregulated
693 -1.49992705814931 0.0343913726352126 0.442764000968397 0.00223427673782006 LINC01007 downregulated
694 -0.400024646657083 0.0344600077786576 0.443650025594159 0.00224038790563646 C12orf10 downregulated
695 -0.931240889490194 0.0345209995616054 0.444437652463938 0.00224600836194556 CASP16P downregulated
696 -0.354436752097354 0.0345961915334432 0.445408104395043 0.00225255924161748 PPT1 downregulated
697 -0.33077818243127 0.034689199326967 0.4466127279991 0.00226266162034101 YTHDF2 downregulated
698 -0.383428054537027 0.034717571647165 0.446989946682574 0.00227377872512957 IQCH-AS1 downregulated
699 -0.594356944279194 0.034717571647165 0.446989946682574 0.00226907745948894 HYKK downregulated
700 -1.72682335619108 0.034717571647165 0.446989946682574 0.00227179500772641 CD300LG downregulated
701 -0.792654730357201 0.0347264222676233 0.447106275700521 0.0022760233609743 PLK2 downregulated
702 -0.789858395017305 0.0347345683609693 0.44721353157179 0.00227822263594026 CACNG3 downregulated
703 -0.574011015955555 0.0352547497327027 0.453920559702236 0.00231873944569753 ATG9B downregulated
704 -0.660475882224065 0.0352547497327027 0.453920559702236 0.00231910229818613 GABARAPL1 downregulated
705 -0.43999406519746 0.0356140180719709 0.458548715735878 0.00234444295981282 XRCC6 downregulated
706 -0.336773821514907 0.0356535256500224 0.459059811826286 0.00234875314010312 CAPN5 downregulated
707 -0.53558889307711 0.0356774962146719 0.45937567808971 0.00235509657722459 RASGRF1 downregulated
708 -1.29832817767802 0.0356774962146719 0.45937567808971 0.00235546398272058 CACNG1 downregulated
709 -1.44834618451612 0.0357479462358231 0.460294783874409 0.00236868493541293 RP1L1 downregulated
710 -1.22697216907776 0.0357920737780912 0.460870146841456 0.00237671813225181 GBP4 downregulated
711 -0.490171558750123 0.0357920737780912 0.460870146841456 0.00237675706873742 COPG1 downregulated
712 -0.287136487231215 0.0358454999390237 0.461562850121781 0.00238337505481268 PRKAB1 downregulated
713 -0.376353599240556 0.0359266060414334 0.462611977066829 0.00239258070631208 HMGB2 downregulated
714 -0.435833937740264 0.0360049344280496 0.463630095335618 0.00240470219390483 LAPTM4B downregulated
715 -0.593069728734847 0.0360049344280496 0.463630095335618 0.00240414985601589 NRIP3 downregulated
716 -0.429333848973853 0.0361393094171348 0.465369919136437 0.00241818815030485 FRS3 downregulated
717 -2.38247781018173 0.0361393094171348 0.465369919136437 0.00242047113917884 LCN2 downregulated
718 -0.708195753316715 0.0361393094171348 0.465369919136437 0.00241570582990042 ATP6V1E1 downregulated
719 -0.294235549413537 0.0362436213466616 0.466720263627016 0.00243280768496554 TMEM222 downregulated
720 -0.358729215178524 0.0364014851843744 0.468757867382031 0.00244673339900177 POLR3A downregulated
721 -1.20891321933024 0.0364014851843744 0.468757867382031 0.0024468946746173 LINC01310 downregulated
722 -0.382026422783262 0.0366614864085576 0.472108400156815 0.00246612961745248 CCDC115 downregulated
723 -0.397826555039253 0.0370052686340959 0.476348224703034 0.0024963519666382 ARHGDIA downregulated
724 -0.823695854504224 0.0375114106277454 0.482740894607512 0.00254308551697905 PAH downregulated
725 -0.443822599552168 0.037605838256323 0.483619596231047 0.0025512902686243 HGSNAT downregulated
726 -0.332539006951606 0.0376703017621631 0.484451488544114 0.00255746978449552 CLPTM1 downregulated
727 -0.187700512340394 0.0377003082615014 0.484840256503989 0.00256131451342703 FAF2 downregulated
728 -0.330802848305946 0.0377302792823169 0.485228568746335 0.00256515970764373 CS downregulated
729 -0.416510374868454 0.0379158716284403 0.487621134086184 0.00258088304949127 CDC40 downregulated
730 -0.386973952080266 0.0379364671943407 0.487891755891849 0.00258510662334103 TXN downregulated
731 -1.12657897026129 0.0379364671943407 0.487891755891849 0.00258645329387508 C1QL3 downregulated
732 -1.25395309963493 0.038026481303216 0.489058021503169 0.00259765945294999 CT55 downregulated
733 -1.45067073909986 0.038026481303216 0.489058021503169 0.0025980599250651 DRGX downregulated
734 -0.571226873939975 0.0381948135822667 0.49123442311032 0.00261688587088551 ATP6V0C downregulated
735 -0.607041120677005 0.0383494871547748 0.493246591454276 0.00263724805672626 ID2 downregulated
736 -0.544479131687698 0.0383494871547748 0.493246591454276 0.00263638553005665 FAM86C1 downregulated
737 -0.536660156701907 0.0385658480128577 0.496043643534508 0.00266634476840106 PARK2 downregulated
738 -0.812390108659185 0.0386467825402852 0.497087486838593 0.00267379331666258 LOC283177 downregulated
739 -0.507573718953994 0.0387262841251 0.497792458417179 0.00268788746803331 AHCYL1 downregulated
740 -0.306708813889575 0.0387262841251 0.497792458417179 0.00269159303346769 SLC25A44 downregulated
741 -1.03824658470494 0.0389276573463374 0.500383994898668 0.00271002341980543 PTPRQ downregulated
742 -0.686792098881834 0.038973138913218 0.500986918897736 0.00272400626861263 NRSN1 downregulated
743 -0.428250293685404 0.038973138913218 0.500986918897736 0.00272159988117326 ATP6V0A1 downregulated
744 -0.530533739139751 0.0390287665991691 0.501708068334563 0.0027304924981588 PEX7 downregulated
745 -0.908501239140238 0.0390655412890093 0.502183834198326 0.00273647963864614 TSG1 downregulated
746 -0.487766666012124 0.0390845765934383 0.502431562160861 0.00273968696263157 DTD1 downregulated
747 -0.390026123071875 0.0393021069465449 0.505230954787114 0.00275681941136286 C19orf70 downregulated
748 -0.351921622089773 0.0393448940534213 0.505784028479552 0.00276170709566135 PRMT9 downregulated
749 -0.756650413875637 0.0394597509936761 0.507047205201006 0.00277776283092771 HTR6 downregulated
750 -0.541031385074328 0.0394597509936761 0.507047205201006 0.00277922875819678 CFAP69 downregulated
751 -0.283424481118915 0.0394653225599208 0.507047205201006 0.00278151336065031 RAB35 downregulated
752 -0.371955455123137 0.0394670731958995 0.507047205201006 0.00279043089603723 ASTN1 downregulated
753 -0.220783793213363 0.0394670731958995 0.507047205201006 0.00278383805112052 RNF4 downregulated
754 -0.404444569305975 0.0394670731958995 0.507047205201006 0.00278821153334805 TWISTNB downregulated
755 -0.945320349493387 0.0394796561837063 0.507221761237894 0.00279913225617691 ANO3 downregulated
756 -0.320456041603669 0.0394796561837063 0.507221761237894 0.00279937737066549 SLC38A7 downregulated
757 -0.573092860167607 0.0395583675786614 0.508265027982959 0.00281985575280395 SLC44A5 downregulated
758 -1.04757585470338 0.0395583675786614 0.508265027982959 0.00281901653353196 HESX1 downregulated
759 -1.10158642405037 0.0395583675786614 0.508265027982959 0.00281714088638508 PVRL3-AS1 downregulated
760 -0.531297798061041 0.0395583675786614 0.508265027982959 0.00281083659181918 DCHS2 downregulated
761 -0.814857182061772 0.0395583675786614 0.508265027982959 0.00282273396532214 SV2B downregulated
762 -0.265675470730499 0.0395583675786614 0.508265027982959 0.00281882891171189 TUFM downregulated
763 -0.764171867484704 0.0396967525738989 0.510058965722157 0.00284344803388749 NIPAL2 downregulated
764 -0.58179419822901 0.0399906093862782 0.51349759868875 0.00286646981984398 DGKB downregulated
765 -0.497382330748371 0.0400040989039942 0.513677627538491 0.00287001132079668 NAT6 downregulated
766 -1.88235411275469 0.0400040989039942 0.513677627538491 0.00287127276498438 SLC6A5 downregulated
767 -0.475943922726454 0.0400355940749327 0.514088849867423 0.00287737236986739 BRINP2 downregulated
768 -0.319748909323337 0.0401605196036934 0.51571336283496 0.00289257973104985 MRPS25 downregulated
769 -0.526860816019856 0.0401605196036934 0.51571336283496 0.00289488042835472 GRIA2 downregulated
770 -0.872305836271811 0.0401605196036934 0.51571336283496 0.00289642445700918 TGFBR3L downregulated
771 -0.567206521832355 0.0402116959401692 0.516373917291785 0.00290352467209545 SYTL2 downregulated
772 -0.381229575197835 0.0403615449184743 0.518301577702248 0.00291627981934798 ETV5 downregulated
773 -1.1007285953992 0.0403747702227924 0.518474798518313 0.00291917118933552 PACERR downregulated
774 -0.933457341719276 0.0405582911950489 0.520838287363538 0.00293632927575988 LINC01166 downregulated
775 -0.722674806601878 0.0406363716215884 0.521851152187274 0.00294782712103674 NOXA1 downregulated
776 -0.809780057690029 0.0406363716215884 0.521851152187274 0.00294597518025102 RTL1 downregulated
777 -0.383536712047033 0.0406678009080716 0.52225815252288 0.00295205689096324 RAB5A downregulated
778 -0.506043393185956 0.0407185633440396 0.522923564468559 0.0029585435874318 MAPRE3 downregulated
779 -0.346350307164775 0.0407185633440396 0.522923564468559 0.0029621811026031 NDUFA6 downregulated
780 -0.874526813062791 0.0408786637515717 0.524993136368067 0.00298304292227512 LOC400958 downregulated
781 -0.364448252235613 0.0408839011322838 0.525063763139508 0.00298538531066156 PGAP3 downregulated
782 -0.999974438803132 0.0409639064393309 0.526094622065178 0.00299319141839863 NPTX2 downregulated
783 -0.274231833965794 0.0411096486118444 0.527976481568358 0.0030097537244228 CEP68 downregulated
784 -3.26321750168436 0.0411096486118444 0.527976481568358 0.00300780554117281 CTSG downregulated
785 -2.02699277490352 0.0411342479838459 0.528299136620121 0.00301410342254129 RAB44 downregulated
786 -0.403699665242328 0.0411342479838459 0.528299136620121 0.00301549912102893 DCTN2 downregulated
787 -0.455284033309595 0.0412659665910751 0.529997563330317 0.00302911228129338 ZNF710 downregulated
788 -0.248244441510419 0.0412659665910751 0.529997563330317 0.00302747767609017 PTPRA downregulated
789 -0.640536177180566 0.041339057097498 0.530946372534048 0.00303770465566093 LINC00982 downregulated
790 -1.25093314168795 0.041339057097498 0.530946372534048 0.00304042353107168 NEK2 downregulated
791 -0.243309783969163 0.041339057097498 0.530946372534048 0.00303848255588711 VIPAS39 downregulated
792 -0.925242760855199 0.041432127324202 0.532151796693434 0.00305078217687964 SOX18 downregulated
793 -0.524665470373741 0.0414683867419808 0.532620857557836 0.00305788842159306 FBXO16 downregulated
794 -0.565476044432712 0.041503439086505 0.533074416191716 0.00306246309412338 PGK1 downregulated
795 -0.337900597432493 0.0416014331141859 0.534339755495575 0.00307368310058784 PRC1 downregulated
796 -0.529159802693506 0.0416546432023611 0.535033221455891 0.00308112878404912 ALDOA downregulated
797 -0.831926894305725 0.0418843115135961 0.537986547278104 0.00310261597010625 TAGLN3 downregulated
798 -0.955856669566971 0.0420279866006736 0.539842053636211 0.00311930398704717 DUXAP8 downregulated
799 -0.773577492752384 0.0420709142585629 0.54040348316982 0.00312482938934899 HPCA downregulated
800 -0.570175969142465 0.0420709142585629 0.54040348316982 0.00312674564662619 SGTB downregulated
801 -0.450580736182953 0.0420709142585629 0.54040348316982 0.00312854140168917 ENY2 downregulated
802 -1.80100216877693 0.0420788613769193 0.540515559282489 0.0031335925547063 LINC00051 downregulated
803 -0.547140789572153 0.0420788613769193 0.540515559282489 0.00313518485782867 DMXL2 downregulated
804 -0.410980450608476 0.0421649072566173 0.541634138684818 0.00314676213987379 PSMD1 downregulated
805 -0.433833317570401 0.0421649072566173 0.541634138684818 0.0031496823850894 NLN downregulated
806 -0.641036677191453 0.0421649072566173 0.541634138684818 0.00314802728163021 OGDHL downregulated
807 -0.72398789687173 0.0421822397004695 0.541860098964555 0.00315299955377245 CDK5R2 downregulated
808 -0.677635040480047 0.0421837916654136 0.541883345332602 0.00315513808304383 SV2A downregulated
809 -0.422470394475583 0.0422000631837085 0.542095672914541 0.00315837841634794 CFL1 downregulated
810 -0.353615753850452 0.0422518660332621 0.542438024069771 0.00317441022554163 IMMT downregulated
811 -0.386593341780488 0.0423067455354481 0.543146079388892 0.00318056177780038 EIF2S1 downregulated
812 -0.333861492766805 0.0423665948558654 0.543945798818485 0.00318940464800372 TXNDC12 downregulated
813 -0.478565607485915 0.0423665948558654 0.543945798818485 0.00319319155877438 GLO1 downregulated
814 -0.694822631613662 0.0423665948558654 0.543945798818485 0.00319332682359723 FAM163B downregulated
815 -0.325508942399271 0.0423665948558654 0.543945798818485 0.00319710592989323 LDHB downregulated
816 -0.577200317696252 0.0423665948558654 0.543945798818485 0.00320305369193991 ATP6V1D downregulated
817 -0.886334305369054 0.0423665948558654 0.543945798818485 0.00320328158370932 RDH12 downregulated
818 -0.720097328856595 0.0424207961892194 0.544645157785506 0.00320947482315713 FGF12 downregulated
819 -0.789981297852579 0.042554829007878 0.546383342342426 0.00322939367010018 PCP4L1 downregulated
820 -0.547145327862731 0.042554829007878 0.546383342342426 0.00322875188226083 CHL1 downregulated
821 -0.519650471368371 0.0426010562769692 0.546980333350562 0.00323536813265183 MAGED1 downregulated
822 -0.509615690488647 0.0426411402850339 0.547269320367282 0.00324250124620338 AGT downregulated
823 -1.0747897519062 0.0427125440684387 0.548080249575849 0.0032499787810621 HTR3B downregulated
824 -0.689230035408928 0.0429214999874647 0.550765212990265 0.00326793603970341 FAM83H downregulated
825 -1.04928210266119 0.0430110953538506 0.551918572437655 0.00327681979753889 KCNV1 downregulated
826 -0.546148470780146 0.0431368196086327 0.55355024650694 0.00329566695565729 BMPER downregulated
827 -0.399158059712865 0.0431368196086327 0.55355024650694 0.00329673924611212 ARPC3 downregulated
828 -0.531527307652685 0.0431437352541089 0.553642653924137 0.00329933632498939 PDE7B downregulated
829 -0.475599121022308 0.0431773860188183 0.554078139073695 0.00330397986700072 RAB11A downregulated
830 -0.296423024577348 0.0436100627431285 0.559318960344682 0.0033433614770227 TCERG1 downregulated
831 -0.393673993012987 0.0436106826277016 0.559318960344682 0.00334946665093752 MCCC2 downregulated
832 -0.437546131042811 0.0436106826277016 0.559318960344682 0.00335177275026158 PDZD11 downregulated
833 -0.270640763717913 0.0436106826277016 0.559318960344682 0.00335072254145646 OSBP downregulated
834 -0.951384931363125 0.0440917144136363 0.565511741605708 0.00340142726621954 CHRM4 downregulated
835 -0.319890663023909 0.04424044493097 0.567423229370012 0.00341502211913802 NOP58 downregulated
836 -0.362885535626587 0.0442415594626524 0.56744919318979 0.00341922724723223 ALYREF downregulated
837 -1.32544272546204 0.0442551896623044 0.567627897585895 0.00342464765378335 GDF2 downregulated
838 -0.792888126265934 0.0442628902835809 0.567734417363319 0.003429487975177 ADGRA1-AS1 downregulated
839 -0.69329117205485 0.0442662986592555 0.56778200267073 0.00343187442738726 RTN1 downregulated
840 -0.68503827619571 0.044320488161669 0.568496357799813 0.00344427827876794 C2orf80 downregulated
841 -1.05227401367568 0.044320488161669 0.568496357799813 0.00344506542393672 BMP3 downregulated
842 -0.268448209038676 0.044320488161669 0.568496357799813 0.00344042169331496 SORL1 downregulated
843 -0.812587387715855 0.044320488161669 0.568496357799813 0.00344062497393804 FAM86C2P downregulated
844 -0.583447789020501 0.044320488161669 0.568496357799813 0.00344670047457579 NUMBL downregulated
845 -0.429906919756796 0.0443219684007077 0.56851918937733 0.00344894062973336 PSMD12 downregulated
846 -0.837162073887264 0.044331375658779 0.568643697321164 0.00345179815265173 LOC100129973 downregulated
847 -0.58725381346213 0.0444853816298994 0.570630683993527 0.00347018822993941 LOC101928307 downregulated
848 -0.384758824759505 0.0444870769396656 0.570656265910529 0.00347245343327303 OSBPL3 downregulated
849 -0.476386616147142 0.0446377900780069 0.572601050490596 0.00348987930749269 KCNIP1 downregulated
850 -0.915357176546709 0.0446634989845581 0.572942319513661 0.00349907260587659 MCHR2 downregulated
851 -0.386957940808291 0.0446634989845581 0.572942319513661 0.00349705581918141 SLC35B1 downregulated
852 -0.570412743423251 0.044690604668881 0.573301478293972 0.00350762429126711 GLDC downregulated
853 -0.568124042875971 0.044690604668881 0.573301478293972 0.00350726348920047 PPDPF downregulated
854 -1.2346588891097 0.0447297496719352 0.573807449519964 0.00351284125054562 LOC100507431 downregulated
855 -0.49239498261153 0.0448628969897204 0.575549691298662 0.00353418943117827 OPA1 downregulated
856 -0.269282626044438 0.0448628969897204 0.575549691298662 0.00353493665724289 UTP3 downregulated
857 -0.600255545860496 0.0448628969897204 0.575549691298662 0.00354133974413538 OXCT1 downregulated
858 -1.08887184574308 0.0448628969897204 0.575549691298662 0.00354080758219279 LINC01476 downregulated
859 -0.42507262934014 0.0449501785986005 0.576673216987352 0.00355170419190169 UPP1 downregulated
860 -0.333387374182344 0.0450543170249211 0.57802811645377 0.00356688037515801 SF3B4 downregulated
861 -0.385565564195545 0.0450543170249211 0.57802811645377 0.00357073337690917 MEA1 downregulated
862 -0.622338224798265 0.0450543170249211 0.57802811645377 0.00356994197297243 SCN8A downregulated
863 -0.55191794623044 0.0450729514750345 0.578274716384262 0.00357653232445616 VAMP2 downregulated
864 -0.508640187307351 0.0451193367388741 0.578884844711954 0.00358827115934806 FBXO36 downregulated
865 -0.554504720041934 0.0454101031762728 0.582626690377627 0.00361852574574317 ARHGEF9 downregulated
866 -0.787661897134357 0.0456669646605282 0.585929853901308 0.00364337292971755 SPEF1 downregulated
867 -0.43306445012209 0.0457002015794159 0.586360068834202 0.00364821573714952 SLC4A1AP downregulated
868 -0.794255232541283 0.0457098422292806 0.586491289614381 0.0036533614694223 MYOZ1 downregulated
869 -0.969162785451169 0.0460488225386926 0.590518047274279 0.00369125112677932 CLEC3B downregulated
870 -0.34599125229749 0.0461009538459675 0.591194482921236 0.00370452119891842 EMC7 downregulated
871 -0.522660429773198 0.0462526750986667 0.593167797720433 0.00372175179780693 COPS4 downregulated
872 -0.267760061700763 0.0462526750986667 0.593167797720433 0.00373082669321944 MARCKS downregulated
873 -0.375129371179261 0.0462526750986667 0.593167797720433 0.00373223628475121 MTFMT downregulated
874 -0.593904208515465 0.0462935184890338 0.593707308993464 0.00374441030306372 SNORD116-13 downregulated
875 -0.354140155356115 0.0463323914559544 0.594213685278742 0.0037507623041907 SLC25A11 downregulated
876 -0.355759042631275 0.04640309145299 0.59512824392447 0.00376217229932426 DDX41 downregulated
877 -0.606559701900029 0.0464160447226339 0.595313872592658 0.00377337076842276 ADHFE1 downregulated
878 -0.628036829988856 0.0464160447226339 0.595313872592658 0.00377434970751244 YWHAZ downregulated
879 -0.428722203466729 0.0464160447226339 0.595313872592658 0.00377297093442471 PPFIA2 downregulated
880 -0.724012169650451 0.0464979595914631 0.596394185414535 0.00379479223124743 LY86-AS1 downregulated
881 -0.446012288142458 0.0464979595914631 0.596394185414535 0.00379493529390112 ZNF711 downregulated
882 -0.765939116676862 0.0464979595914631 0.596375974679966 0.00378328825479082 PRO1804 downregulated
883 -0.762541957654644 0.0464979595914631 0.596399357828069 0.00380107499177469 LOC101928238 downregulated
884 -0.657113691153153 0.0464979595914631 0.596394185414535 0.00379594133054972 EID2B downregulated
885 -0.795121650825375 0.0471071592621502 0.604251999610821 0.00386939503155031 TUBB2B downregulated
886 -0.45825150512281 0.0471071592621502 0.604251999610821 0.00387125066219723 EID1 downregulated
887 -1.11131084744107 0.0471543441643187 0.604868822308326 0.00388201987138906 LINC00664 downregulated
888 -0.977571432268228 0.0471579956134622 0.604923355061094 0.00388894627487918 EGR3 downregulated
889 -0.530310657486604 0.0471579956134622 0.604923355061094 0.00388712155479605 BRF2 downregulated
890 -0.335720615115001 0.0471803673461549 0.605214172658803 0.00389305327720826 HDDC3 downregulated
891 -0.688329300245557 0.0472498326339544 0.606128245134335 0.00390800301921745 RHCE downregulated
892 -0.780130442200772 0.0472498326339544 0.606128245134335 0.00391237766499685 SNCB downregulated
893 -0.720984553948279 0.0472498326339544 0.606128245134335 0.00391151008557753 BEX2 downregulated
894 -0.452730780929179 0.0472498326339544 0.606128245134335 0.00390632039151811 PARP2 downregulated
895 -0.748541420515043 0.0472676979272045 0.606361242448603 0.00391612322089511 TRIB1 downregulated
896 -1.13894057456108 0.0474798528720797 0.6090904746061 0.00393825312694529 DMBT1P1 downregulated
897 -0.601897261384575 0.0474798528720797 0.6090904746061 0.0039378800250267 LINC01551 downregulated
898 -0.52238875022254 0.0475201996212987 0.609611884565693 0.00394387810061217 SUSD4 downregulated
899 -0.359873998342316 0.0475688727998282 0.610255370450965 0.00395932124373121 NDUFS1 downregulated
900 -0.964569781530951 0.0475688727998282 0.610255370450965 0.0039586636650296 DUSP5 downregulated
901 -0.54608342021168 0.0478871446527515 0.614349915900003 0.00399270003121901 CPNE5 downregulated
902 -0.549739124646037 0.0480153185246709 0.615998100034028 0.00400568894054406 DRP2 downregulated
903 -0.430893038248574 0.0481249801916893 0.617412628198265 0.00401853083184693 PCDHB19P downregulated
904 -0.891097739310547 0.0481249801916893 0.617412628198265 0.00401945224595688 ABRA downregulated
905 -0.684379141519722 0.0481594192803641 0.617858284213974 0.00402463766628348 RELL2 downregulated
906 -0.554448395961095 0.0482614381310437 0.619174781096782 0.0040377911271358 RPL41 downregulated
907 -1.59248942312868 0.0483375432292362 0.620155004504572 0.00404647602619008 LOC100506085 downregulated
908 -0.50769875645564 0.0483684000128649 0.620215553976656 0.00405833533214334 EFHD2 downregulated
909 -0.26858775840805 0.0483684000128649 0.620215553976656 0.00405257045134964 HIVEP2 downregulated
910 -1.08097998380433 0.0483684000128649 0.620215553976656 0.00405758835364817 CNGB3 downregulated
911 -0.708889097822673 0.0484701152803049 0.621527839716377 0.00406985814353507 AHNAK2 downregulated
912 -0.850456230595072 0.0488317450483459 0.626181084145924 0.00411053192669432 LOC100505666 downregulated
913 -0.330321609498287 0.0488317450483459 0.626181084145924 0.00411118229759374 BCKDHA downregulated
914 -0.636216690151983 0.0488760901107595 0.626757761104606 0.00411968003139067 IL12RB2 downregulated
915 -0.405191175809139 0.0490669576042886 0.629217389339167 0.00414282554255896 CD99L2 downregulated
916 -0.336141900998446 0.0491934468214248 0.630843463042586 0.00415586389698186 DHX57 downregulated
917 -0.470550556604031 0.0492554663371282 0.631642805614673 0.00416346488720127 NDUFV2 downregulated
918 -0.470607186404958 0.0492757996505273 0.631907574408006 0.00416754617555402 LMBRD2 downregulated
919 -0.961225480407389 0.0492872041608195 0.632081833002207 0.00418418713608491 ENC1 downregulated
920 -0.802946760223079 0.0492872041608195 0.632081833002207 0.00417778639614139 CITED1 downregulated
921 -0.926410843062723 0.0492872041608195 0.632081833002207 0.0041792692013356 SLC22A18AS downregulated
922 -0.373374531126491 0.0492872041608195 0.632081833002207 0.00418505243174049 OXA1L downregulated
923 -0.673696653182556 0.0492872041608195 0.632081833002207 0.00418281112749314 NETO1 downregulated
924 -0.274641585159544 0.0492918111192507 0.63216078893175 0.00419352058784323 RGP1 downregulated
925 -0.473398055224904 0.0492918111192507 0.63216078893175 0.00419651109395005 LOC105369438 downregulated
926 -0.513188233945647 0.0492918111192507 0.63216078893175 0.00419726022667638 GOLT1B downregulated
927 -0.914039176789491 0.0492918111192507 0.63216078893175 0.00419009443516354 F7 downregulated
928 -0.454462619471914 0.0495896459522073 0.635996395677032 0.00423213164860378 RMRP downregulated
929 -0.462685569265869 0.0496408445590106 0.636656999200842 0.00423888115067353 SLC9A1 downregulated
930 -0.306775626893162 0.049709597111752 0.637554634489063 0.00425341010575279 CRIM1 downregulated
931 -0.390209187083702 0.049709597111752 0.637554634489063 0.00424774350825723 MANSC1 downregulated
932 -0.391840050555455 0.0497108233488111 0.637594029212861 0.00426869082886899 PFDN2 downregulated
933 -0.660711413182152 0.0497108233488111 0.63759352554406 0.00426563472107186 CENPH downregulated
934 -0.865604002698677 0.0497108233488111 0.63759352554406 0.0042663303682061 IGF1 downregulated
935 -0.39805855005548 0.0497108233488111 0.63759352554406 0.00426583009949326 SARS2 downregulated
936 -0.403112807338983 0.0497108233488111 0.63759352554406 0.00426134740449783 MROH8 downregulated
937 -1.33843388992173 0.0498113598558112 0.638891386782598 0.0042821004085664 GJD2 downregulated
938 -0.246409017867015 0.0498529665876543 0.639460275508248 0.00430626155605993 CCNYL1 downregulated
939 -0.293857628843774 0.0498529665876543 0.639460275508248 0.00429237998542938 NICN1 downregulated
940 -0.732459171370128 0.0498529665876543 0.639460275508248 0.00430718923099933 STBD1 downregulated
941 -0.518520833439526 0.0498529665876543 0.639460275508248 0.00429817160507734 FAM133A downregulated
942 -1.04739216014763 0.0498529665876543 0.639460275508248 0.00430401026956948 OLFM4 downregulated
943 -0.409259750857793 0.0498982436324727 0.640044937471851 0.00431349346834867 WDR61 downregulated
944 -0.371191081147195 0.0499603842208607 0.640849805273872 0.00432365601566158 SLC35A2 downregulated
