log2FoldChange padj Yekutielipval pval genes gene_type
1 1.17905479421042 3.16381700219328e-12 4.10324553112983e-11 1.51690895248276e-16 KLF15 upregulated
2 1.07548059905294 1.3429539013687e-06 1.74171565248067e-05 3.86331850611891e-10 PRKX upregulated
3 1.2070531978061 1.65521550508234e-06 2.14669673359034e-05 6.64684078488431e-10 GAS2L3 upregulated
4 0.738236951420972 1.65521550508234e-06 2.14669673359034e-05 7.33804442575771e-10 NFKBIA upregulated
5 1.02366707240647 3.92131704276361e-06 5.08566918399791e-05 2.82014458653949e-09 SLC38A2 upregulated
6 1.40283580691572 4.32252095083096e-06 5.60600210518392e-05 3.36058824671404e-09 GNRH1 upregulated
7 0.75110651312379 4.32252095083096e-06 5.60600210518392e-05 3.70429357930287e-09 MPST upregulated
8 0.34790039211023 1.05667624926016e-05 0.000137043390772033 1.06392104494718e-08 RAF1 upregulated
9 0.612044548075625 1.06943122567737e-05 0.000138697620455587 1.14369071468185e-08 ANAPC16 upregulated
10 1.23155209738562 1.06943122567737e-05 0.000138697620455587 1.17931237429062e-08 TJP3 upregulated
11 0.76981408164568 1.54095905042522e-05 0.00019985142417934 1.84705260874673e-08 C1orf226 upregulated
12 2.06195915261345 1.88152084954186e-05 0.000244019866264648 2.43568408388696e-08 SGO1 upregulated
13 0.477111141690762 2.45646345696586e-05 0.000318585831455846 3.29774065278055e-08 HP1BP3 upregulated
14 1.56884416249892 2.98127188106335e-05 0.000386649749798294 4.41556850128007e-08 LOC102724596 upregulated
15 0.573478241786611 3.2345141332889e-05 0.000419493467972177 5.18255766500542e-08 TRAF3IP2-AS1 upregulated
16 0.989959805396617 3.25771122226763e-05 0.000422501965354332 5.46674463150822e-08 P2RX7 upregulated
17 1.00517665799095 5.72441336231006e-05 0.000742415681152082 1.12528622455153e-07 ERI3-IT1 upregulated
18 0.483842804593118 6.96162827843202e-05 0.00090287365239711 1.43524963308518e-07 SYS1 upregulated
19 1.37364571698725 7.47474080987601e-05 0.000969420696684271 1.57687393026104e-07 NEAT1 upregulated
20 0.693870559102742 8.53281490552175e-05 0.00110664537818617 1.88190768401017e-07 STARD10 upregulated
21 1.44062880375759 8.95719743167849e-05 0.00116168477214401 2.01845078050002e-07 LOC100506136 upregulated
22 2.05540169339727 9.9037979150499e-05 0.001284452119322 2.4691829677451e-07 LINC00463 upregulated
23 1.40828726688529 0.000105846841534977 0.00137275821961737 2.68968816289677e-07 ADRA2B upregulated
24 0.601884074057239 0.000129741241468577 0.00168265158474754 3.607897590822e-07 RNASEH2C upregulated
25 1.63748324159608 0.000134709969650858 0.00174709245378393 3.81065743366765e-07 FAAHP1 upregulated
26 0.568858020597431 0.000155887385337934 0.00202174846650095 4.4844623485046e-07 DFFB upregulated
27 0.62682979792245 0.000156208177564352 0.00202590891341859 4.64348037061411e-07 RAD52 upregulated
28 0.657695128413597 0.00015996952445792 0.0020746909062499 4.90868752232194e-07 ARL6IP6 upregulated
29 1.42923784048528 0.000167289056784847 0.00216962003233274 5.29370367157304e-07 AKR1C2 upregulated
30 0.430342801578878 0.000206491184283766 0.00267804373180465 7.12724135336099e-07 SMG9 upregulated
31 0.73543674078644 0.000206491184283766 0.00267804373180465 7.12823765087555e-07 LINC01530 upregulated
32 0.848894832232883 0.000229156900751515 0.0029720019466498 8.2402874604994e-07 DNA2 upregulated
33 0.830116779092051 0.000236003247575794 0.00306079419345741 8.59962929268845e-07 RGCC upregulated
34 1.11351142143816 0.000251156056610779 0.00325731534469265 9.27219463922422e-07 C6orf118 upregulated
35 0.57848047291056 0.00029812708750436 0.00386649619324691 1.1744321066692e-06 RBM48 upregulated
36 0.767181972314609 0.00029812708750436 0.00386649619324691 1.18639057692199e-06 TOB2 upregulated
37 0.543865504641267 0.000352988176402059 0.00457800547996086 1.45548176490277e-06 SMAD4 upregulated
38 0.577357475736112 0.000356672145895815 0.00462578394297434 1.51500894653569e-06 USP31 upregulated
39 1.56164454249522 0.000365753744193686 0.0047435658109061 1.57826326784445e-06 LOC100129316 upregulated
40 1.01789307052438 0.000367226662670169 0.00476266851549412 1.60266377705554e-06 SLC6A9 upregulated
41 0.454572123944342 0.000369908337439322 0.00479744792911015 1.66713255594267e-06 UBIAD1 upregulated
42 1.10783541356813 0.00037658140611989 0.00488399288168952 1.73331807007285e-06 CCNA2 upregulated
43 0.860088312417242 0.00037658140611989 0.00488399288168952 1.71904509758705e-06 RAMP2-AS1 upregulated
44 2.15719038055404 0.000377920750543944 0.00490136322586187 1.75760237823093e-06 CYP4B1 upregulated
45 0.702115753943927 0.000382283447172207 0.00495794429686308 1.79622082863673e-06 SNRNP48 upregulated
46 1.4287756295276 0.000383760234732585 0.0049770971807162 1.82155934403442e-06 ADAMTS2 upregulated
47 1.4747372729281 0.000410066336938253 0.00531826860827355 1.98574579425438e-06 C7orf61 upregulated
48 1.09104706829054 0.000428260190359022 0.00555422994134386 2.135449000208e-06 CPM upregulated
49 0.745178906466055 0.000433423129846536 0.00562118959281848 2.20275455548415e-06 PAN2 upregulated
50 0.339993762110337 0.00045261243095601 0.00587006117410263 2.35525970685843e-06 SH3YL1 upregulated
51 0.427369388885986 0.000454785711138817 0.00589824707168083 2.40237516965993e-06 SMG5 upregulated
52 0.523840004789763 0.000454785711138817 0.00589824707168083 2.42034875276448e-06 ZBTB16 upregulated
53 0.743539555379931 0.000459122920900562 0.00595449759615842 2.46544407828848e-06 TCTE3 upregulated
54 0.855722201383439 0.000496979385531384 0.00644546900573462 2.74021332579514e-06 LHX4-AS1 upregulated
55 3.29621922354883 0.000547962391517365 0.00710668231652509 3.12640957906537e-06 NPC1L1 upregulated
56 0.542028224689528 0.000548200200814699 0.00710976653389882 3.15405015571577e-06 CLN3 upregulated
57 0.535379781765055 0.000560323324421505 0.0072669948208967 3.25066511267211e-06 ZBTB40 upregulated
58 0.655261269635393 0.000600910852383181 0.00779338617859186 3.57256296186002e-06 POGK upregulated
59 1.77854649487803 0.000609469583649971 0.0079043868331754 3.68188941553897e-06 LINC01338 upregulated
60 1.08430079307534 0.000610230923687994 0.00791426087173869 3.71574662263869e-06 DNAH11 upregulated
61 1.44760178085856 0.000627077321091967 0.00813274665905057 3.84839128828555e-06 SH2D6 upregulated
62 0.948385110273397 0.000687393760951136 0.00891500796599159 4.44925721476738e-06 TUBB1 upregulated
63 0.88676713731693 0.00069654536041366 0.00903369769921972 4.57528476658539e-06 ANKRD23 upregulated
64 0.777694794224405 0.00069654536041366 0.00903369769921972 4.55032199176398e-06 CCDC144CP upregulated
65 1.32882584630137 0.000713595125234393 0.00925482101722132 4.72149049634876e-06 MRGPRF upregulated
66 1.08612497892959 0.000748674971093566 0.00970978165702632 5.09717820852886e-06 MC1R upregulated
67 2.15167828462405 0.000764526345038333 0.00991536269807908 5.24175419957241e-06 GMNC upregulated
68 0.498624385757931 0.000797627002834264 0.0103446546769908 5.53471453861705e-06 XKR8 upregulated
69 1.39062609535674 0.000802510306847644 0.0104079876553399 5.65608740981942e-06 LBX2 upregulated
70 1.11360855591031 0.000823190757027615 0.0106761983790445 5.92024804881537e-06 MGC16025 upregulated
71 0.479220513009525 0.000841361084973907 0.0109118546034504 6.15730256729837e-06 TFDP2 upregulated
72 0.474844754840045 0.000841361084973907 0.0109118546034504 6.17194447912009e-06 PPP4R2 upregulated
73 0.542875811548108 0.000841361084973907 0.0109118546034504 6.1511303071398e-06 N4BP2L2-IT2 upregulated
74 0.927966194110547 0.00085599948341112 0.0111017042152603 6.32036824305089e-06 JADE3 upregulated
75 0.755335358751973 0.00087183335560264 0.0113070582710267 6.68159399102671e-06 PHF19 upregulated
76 0.913109512290831 0.00087183335560264 0.0113070582710267 6.68808250929771e-06 NRIP2 upregulated
77 0.884072175065156 0.000878907369844762 0.0113988032022475 6.78448897468508e-06 TEKT2 upregulated
78 1.63628603919548 0.000902807061782529 0.0117087652009062 7.01226178303542e-06 LINC00484 upregulated
79 0.790910545424411 0.000917043325814615 0.0118933994156195 7.21077362197808e-06 CTNS upregulated
80 0.567426728878909 0.000944635143579339 0.0122512456591297 7.47302098530905e-06 MINOS1P1 upregulated
81 0.992466788100415 0.000979060314099588 0.0126977156256216 7.79230052934418e-06 CAPS upregulated
82 0.467647518072368 0.00106577891280527 0.0138223941464029 8.61051878223584e-06 CABYR upregulated
83 0.543965246986694 0.0010867587587339 0.0140944878199331 9.01420459610509e-06 TSC22D3 upregulated
84 1.01683676776871 0.00117388619256321 0.0152244686413622 1.0018302837237e-05 FKBP5 upregulated
85 1.0662019507606 0.00117388619256321 0.0152244686413622 1.00001467108878e-05 PTOV1-AS2 upregulated
86 0.696641717945873 0.00120947751089755 0.0156860627152329 1.06756133338737e-05 ZBED6 upregulated
87 0.321602823889619 0.00120947751089755 0.0156860627152329 1.05644295106876e-05 ZXDC upregulated
88 0.734523180579938 0.00120947751089755 0.0156860627152329 1.07859623640477e-05 PCDHGA1 upregulated
89 0.645655688002161 0.00120947751089755 0.0156860627152329 1.05918898182727e-05 KIAA1958 upregulated
90 1.09314542202488 0.00120947751089755 0.0156860627152329 1.07833096458456e-05 FAM53B-AS1 upregulated
91 0.451583409223422 0.00125200557616599 0.0162376214610117 1.14053343947614e-05 ZFYVE19 upregulated
92 0.314676863999762 0.00125733290959222 0.0163067131848973 1.15744315405718e-05 NSD1 upregulated
93 0.928020211211607 0.00131063727138188 0.0169980328287058 1.21908055160418e-05 C21orf62 upregulated
94 1.45369466050211 0.00131683003498996 0.017078348566255 1.23746793334627e-05 LAMB4 upregulated
95 0.787120132974826 0.00138151617830686 0.0179172818177898 1.3406947411e-05 LOC100506860 upregulated
96 0.687317975577573 0.00138151617830686 0.0179172818177898 1.32785686445366e-05 KDELC1 upregulated
97 0.499181635289848 0.00138507674745203 0.0179634598660874 1.35978579404355e-05 HDAC4 upregulated
98 1.39722648489889 0.00141311580675747 0.0183271065141469 1.43074066815494e-05 SERTAD4-AS1 upregulated
99 0.461667642533932 0.00141311580675747 0.0183271065141469 1.42778045464905e-05 SIRT1 upregulated
100 0.468449291436941 0.00145836436989347 0.0189139481815035 1.48933984171889e-05 AVEN upregulated
101 0.955195519909272 0.00148752531499722 0.0192921448900917 1.52625218108743e-05 C1orf111 upregulated
102 0.672582641383784 0.00158761710408254 0.0205902641744321 1.66700937715911e-05 FAM13A-AS1 upregulated
103 1.62578994888062 0.00160211210009588 0.020778253958842 1.69759205121153e-05 UCKL1-AS1 upregulated
104 0.398827438642308 0.00161676408073968 0.020968279722207 1.72086889736879e-05 RNF169 upregulated
105 1.34115908732133 0.00167677788043649 0.0217466160015852 1.80082583889233e-05 TFCP2L1 upregulated
106 0.675908370895896 0.00175410654497175 0.0227495137575634 1.91751590474928e-05 CDKN2C upregulated
107 0.539561425347859 0.00182495444062034 0.0236683605524587 2.02121338535408e-05 CTDSP2 upregulated
108 0.82262549936701 0.00183471891357138 0.0237949988187441 2.04962126318326e-05 RBM14 upregulated
109 1.09462914608206 0.00193308889297673 0.0250707874566853 2.18731830437028e-05 ABCC2 upregulated
110 0.967095651054462 0.0019549195114677 0.0253539150449837 2.22713573770979e-05 FBXL19-AS1 upregulated
111 0.711812129010385 0.0019549195114677 0.0253539150449837 2.23076589983849e-05 FLCN upregulated
112 0.539325035651189 0.00195533656362121 0.0253593239146622 2.24061676514105e-05 GKAP1 upregulated
113 1.19081486324167 0.00197373208547306 0.0255979007437869 2.28305131191235e-05 PRSS8 upregulated
114 1.66005416308315 0.00197373208547306 0.0255979007437869 2.29008565318349e-05 SH2D3A upregulated
115 1.29735378866009 0.00200685073161392 0.0260274260187328 2.33813457248014e-05 SERPINF2 upregulated
116 1.54247777299036 0.00201113090304662 0.0260829367966681 2.35276377400094e-05 C10orf62 upregulated
117 0.513533927755317 0.00201556637956265 0.0261404617710274 2.36761645007839e-05 ABCD4 upregulated
118 0.83394446587371 0.00204382922944133 0.0265070108235841 2.41061509537598e-05 LOC100129917 upregulated
119 0.773161468603101 0.00206755817541728 0.0268147583686119 2.44851545921306e-05 BCAT2 upregulated
120 0.378528125355474 0.0021436630622103 0.0278017845980498 2.55919884206916e-05 INVS upregulated
121 0.732878890184902 0.00215534505069048 0.027953291676344 2.63376130229872e-05 LOC100996251 upregulated
122 1.34508519054964 0.00215534505069048 0.027953291676344 2.64548272990729e-05 ITGB1BP2 upregulated
123 0.918017576380869 0.00220639488914916 0.0286153717567509 2.72929894711839e-05 RCC1 upregulated
124 0.539372586253597 0.00231821569749503 0.0300656080751424 2.90096512943473e-05 PDE4DIP upregulated
125 0.397072746811282 0.00234827788036998 0.0304554931963492 2.94984324043215e-05 DCLRE1C upregulated
126 0.859722665734463 0.0023783629319883 0.0308456749088853 2.99903845765413e-05 CDK11A upregulated
127 1.08289999191678 0.00239219439669706 0.0310250591644092 3.02794898944251e-05 LOC283440 upregulated
128 0.591765789366313 0.00242968450524044 0.0315112791962112 3.08705179982124e-05 ARAP1 upregulated
129 0.643343226824699 0.00243143011586237 0.0315339185238922 3.10092731849926e-05 MARCH8 upregulated
130 0.290715840882756 0.0024512957759974 0.0317915620004759 3.14976874894425e-05 MSL2 upregulated
131 1.22786912358513 0.00253081404373994 0.0328228573520452 3.29786781995441e-05 NPFF upregulated
132 1.20972218284187 0.00253081404373994 0.0328228573520452 3.30048146855859e-05 HIF3A upregulated
133 0.748413437328106 0.00253190701774159 0.0328370324471432 3.31404619956587e-05 CDH26 upregulated
134 0.999174362917223 0.00254709953449219 0.0330340685791961 3.37056849748211e-05 FAM106B upregulated
135 0.680570705984137 0.00261749162441239 0.0339470038981217 3.50136723023952e-05 SLC39A11 upregulated
136 0.819282508073275 0.00262144089053344 0.0339982230696199 3.51921872440602e-05 WSCD1 upregulated
137 1.57524849502471 0.00264931131073222 0.0343596825884609 3.59220775584428e-05 MIR5690 upregulated
138 1.02834395964148 0.00264931131073222 0.0343596825884609 3.63284765244002e-05 PPFIBP2 upregulated
139 0.383426602450606 0.00268271501340439 0.0347929048437865 3.73338625300707e-05 POLDIP3 upregulated
140 1.1581523120809 0.00269335538887442 0.0349309029424966 3.79655024370273e-05 ATAD3C upregulated
141 1.40707648386328 0.00273225941485179 0.0354354604773476 3.89827342090699e-05 S100A4 upregulated
142 0.259778818177773 0.00273225941485179 0.0354354604773476 3.88946385320529e-05 FBXO18 upregulated
143 0.485490171495263 0.00274194333063894 0.0355610539745375 3.94391810515262e-05 ZNF202 upregulated
144 0.82388887076914 0.00276396216741347 0.0358466226200474 3.98884121585776e-05 ANP32A-IT1 upregulated
145 0.31144895780918 0.00283316576063226 0.0367441439824279 4.15663193533811e-05 EGLN1 upregulated
146 0.435427660655436 0.00293056475919662 0.0380073396897609 4.31358000226957e-05 AUP1 upregulated
147 0.452005906935361 0.00296783775529421 0.0384907439276268 4.38267262132913e-05 TAF3 upregulated
148 0.939919687809897 0.00308521405344691 0.0400130309958161 4.60568728481723e-05 CLDN15 upregulated
149 0.850402502609335 0.00311707434721967 0.0404262363359257 4.70766850157835e-05 SLC47A2 upregulated
150 0.567789902922703 0.00316245397768365 0.0410147778532656 4.80652975464217e-05 ZC3H12C upregulated
151 1.32544381173813 0.00316324522501951 0.0410250397682013 4.83806504665687e-05 TNRC6C-AS1 upregulated
152 0.959897754090704 0.00326351052972264 0.0423254094266401 5.03835829971084e-05 DDIT4 upregulated
153 0.651922908983686 0.00328374650320212 0.0425878556038058 5.10108772612306e-05 RBL1 upregulated
154 0.515802133257119 0.00330770651351351 0.0428985998888509 5.15416702733802e-05 FLJ37453 upregulated
155 0.367158227519089 0.00332444950955151 0.0431157446340212 5.21448188461355e-05 ZNF592 upregulated
156 1.26673790451993 0.00334253974120005 0.0433503620664375 5.27254914347612e-05 OVOL3 upregulated
157 0.466738099925168 0.00338112833330798 0.043850828648448 5.35085040170677e-05 SGF29 upregulated
158 0.374059246425484 0.00338112833330798 0.043850828648448 5.38205210077311e-05 INSR upregulated
159 0.42916977367981 0.0034066448479097 0.0441817596866115 5.47166909934194e-05 ZBTB44 upregulated
160 1.09810913948713 0.0034066448479097 0.0441817596866115 5.46343246991693e-05 LINC00638 upregulated
161 0.769612451100289 0.003430731587794 0.0444941475640432 5.543254279554e-05 FMO5 upregulated
162 1.11974022796342 0.00347799005196662 0.0451070562177041 5.66963905484322e-05 FOXO4 upregulated
163 1.84164387726897 0.0034796833026032 0.0451290164736317 5.70576635896962e-05 GZMM upregulated
164 1.1202319092722 0.0034796833026032 0.0451290164736317 5.69281204796611e-05 PRR34-AS1 upregulated
165 1.8674482573739 0.00357412709049932 0.0463538852013713 5.91203838626008e-05 SERPINA5 upregulated
166 0.402209824954924 0.00360363495766589 0.0467365812422625 6.00128928256443e-05 NUP188 upregulated
167 0.986146264096001 0.00360363495766589 0.0467365812422625 5.99088556617169e-05 LOC105371038 upregulated
168 0.71717089503095 0.00363244883415753 0.0471102767179076 6.07817348190524e-05 RASSF3 upregulated
169 1.45514321940868 0.00373211717927394 0.0484029042352719 6.28073610742269e-05 AZGP1 upregulated
170 0.370365083797495 0.00375448252562122 0.0486929668633824 6.3903787533947e-05 AGAP1 upregulated
171 1.74600551912593 0.00375448252562122 0.0486929668633824 6.36005242325027e-05 CXCR1 upregulated
172 0.474381551301691 0.00375448252562122 0.0486929668633824 6.37401119202401e-05 ZCCHC8 upregulated
173 1.42051390193347 0.0037617220681454 0.0487868585786402 6.42073671314074e-05 MIR6717 upregulated
174 0.50717553150575 0.00379841738180069 0.0492627706862781 6.5015822280426e-05 TMCC2 upregulated
175 0.725793132559446 0.00380642758748828 0.0493666573544017 6.53354306142209e-05 AHSA2 upregulated
176 1.16300773344694 0.00387676566874234 0.0502788922193572 6.69144958885383e-05 UHRF1 upregulated
177 0.408165084286821 0.00388922039076739 0.0504404211018914 6.7688881519325e-05 ZNF790 upregulated
178 0.904506430371177 0.0039332979182959 0.0510120752706668 6.87556959512716e-05 LOC100505549 upregulated
179 0.36854210764355 0.00395064115071655 0.0512370046546232 6.93261092756513e-05 ZBTB34 upregulated
180 0.904252726969528 0.00410364048117181 0.053221297104285 7.25087248760376e-05 SLC25A48 upregulated
181 1.03069283368188 0.00413069001417465 0.0535721103002951 7.36739073343708e-05 NRON upregulated
182 0.987381689480528 0.00413069001417465 0.0535721103002951 7.34517456015825e-05 OLMALINC upregulated
183 0.718709228642243 0.00426860840703047 0.0553608137201008 7.80424718130829e-05 LOC101930370 upregulated
184 0.780170988214626 0.00426860840703047 0.0553608137201008 7.80641541494011e-05 SLC25A25-AS1 upregulated
185 0.626914305480272 0.00426860840703047 0.0553608137201008 7.78911726748865e-05 TRIM16 upregulated
186 0.432868727476291 0.00431274372625608 0.055933217406066 7.98158449601979e-05 MAX upregulated
187 1.06771822719698 0.0043272507464178 0.0561213631351247 8.04469633861899e-05 CA3-AS1 upregulated
188 0.558330936831041 0.0043272507464178 0.0561213631351247 8.04992707297361e-05 SPECC1L upregulated
189 0.624929787205713 0.00441747790646892 0.057291545200047 8.26013512740509e-05 TMEM265 upregulated
190 0.385058037802006 0.00454518866052585 0.0589478628078545 8.58610697726033e-05 CIPC upregulated
191 0.556035356475805 0.00456123784735775 0.0591560093412999 8.638293856769e-05 PCBP1-AS1 upregulated
192 0.669866440311776 0.00462099444163727 0.0599310098494298 8.9046522381802e-05 ZNF692 upregulated
193 0.744459412586385 0.00462099444163727 0.0599310098494298 8.95601323124785e-05 PROC upregulated
194 0.632913872909853 0.00462099444163727 0.0599310098494298 8.85221118762115e-05 LINC01004 upregulated
195 0.93768587885543 0.00462099444163727 0.0599310098494298 8.95552585231551e-05 ZNF652 upregulated
196 0.727821147681925 0.00462099444163727 0.0599310098494298 8.92503393093079e-05 HOMER3 upregulated
197 0.543262686539472 0.00462099444163727 0.0599310098494298 8.97301984400007e-05 CCDC117 upregulated
198 0.939044089874091 0.00465948177306151 0.0604301631524248 9.07009445204475e-05 ADCY10P1 upregulated
199 0.988712323597948 0.00466709152075834 0.0605288561653532 9.10728412019296e-05 LRRC1 upregulated
200 0.744040158737617 0.00477323697721492 0.0619054872080248 9.42884228130865e-05 MTSS1L upregulated
201 1.68858964292048 0.00479301435318899 0.0621619857018594 9.51387036592147e-05 HIST2H2BC upregulated
202 1.05137866892633 0.00486495864908244 0.0630950520277893 9.72665175560905e-05 C16orf71 upregulated
203 2.73363917614682 0.00498004891571657 0.0645876908938036 0.000100522634775695 LOC100507616 upregulated
204 0.790116352647198 0.00499407461714554 0.0647695942613797 0.000101152928308322 SLC4A2 upregulated
205 1.26341921820251 0.00503143449398464 0.0652541252806432 0.000102524795509588 CYP39A1 upregulated
206 0.621017281245843 0.00509753627369366 0.0661114183288908 0.000104120334220559 SASH1 upregulated
207 0.906623423512454 0.00523094901405696 0.0678416866418557 0.000107342675265684 SPACA6P-AS upregulated
208 0.569076265505136 0.00526993967583317 0.0683473677813722 0.000108648130632798 TOP3B upregulated
209 1.18025931805814 0.00531944144715231 0.068989370532503 0.000110688861680208 STAB2 upregulated
210 0.741117706541349 0.0053350457226521 0.0691917468825468 0.000111269352704304 CSF1 upregulated
211 1.08254831130448 0.00536172286848069 0.0695377304818781 0.00011233988078468 WDR38 upregulated
212 0.565501371966987 0.00536172286848069 0.0695377304818781 0.000112337451859517 RBM38 upregulated
213 1.26195955496664 0.00552797663537873 0.0716939235410373 0.000116618388050374 LINC01561 upregulated
214 0.883912643732284 0.0055522798301375 0.0720091186841729 0.000117397296115963 MLANA upregulated
215 0.977018585332325 0.00556377624232215 0.0721582189699606 0.000118356106616454 SAP25 upregulated
216 1.74516054594497 0.00556377624232215 0.0721582189699606 0.000118440650697178 FOXJ1 upregulated
217 0.594581498846561 0.00571843780405245 0.0741640693765025 0.000122281404833264 TTC31 upregulated
218 0.563009261794955 0.0057782562368681 0.074939871886445 0.00012549983580099 TIMELESS upregulated
219 0.386319140708454 0.00578305168562127 0.0750020654445824 0.000125881261220312 NFKB1 upregulated
220 0.679339821464715 0.00579865027940804 0.0752043681068512 0.000126498819443384 INTS6-AS1 upregulated
221 1.17905181763648 0.00581623045699782 0.0754323705010532 0.000127161197122837 QDPR upregulated
222 0.774515647529647 0.0059295150137505 0.0769015905947541 0.000131876953755486 CPQ upregulated
223 1.2960638341319 0.0059295150137505 0.0769015905947541 0.000131912306006628 THRSP upregulated
224 0.405197961132005 0.0059295150137505 0.0769015905947541 0.000131310140745337 RALGAPA2 upregulated
225 0.692255311957535 0.00593293221628194 0.0769459092800838 0.000132286729965415 ACACB upregulated
226 1.09684659322909 0.00602380482950333 0.0781244624133536 0.000135454018556698 SLC5A3 upregulated
227 0.868337987999795 0.00604165940098387 0.0783560235010746 0.000136145175167206 FAM118A upregulated
228 0.76903017815868 0.00608780917150341 0.0789545531869436 0.000137477015859333 RAPGEF3 upregulated
229 0.532039881889456 0.00620884032397912 0.0805242411150986 0.000140805555604455 NBPF15 upregulated
230 0.525604512050493 0.00623211384960851 0.0808260821822849 0.000141930962198017 CLK1 upregulated
231 0.532023479091497 0.00629076841712328 0.0815867901874208 0.000144171611611686 LINC-PINT upregulated
232 0.451274769582484 0.0063211490093062 0.0819808048507886 0.000146080156421613 SPOUT1 upregulated
233 0.892984797514251 0.00641659954844638 0.0832187304258119 0.000148997673497323 TBX6 upregulated
234 0.372923918203172 0.00643605604885867 0.0834710673919285 0.000150282687656838 PCF11 upregulated
235 0.574410407395382 0.00644046653476188 0.0835282682558214 0.000151616678744215 CDK2AP1 upregulated
236 0.361046697823649 0.00644185149027128 0.0835462301433162 0.000151958140346813 ZNF234 upregulated
237 0.985400789038067 0.00646786710976867 0.0838836342168395 0.000153192038750814 GJA9-MYCBP upregulated
238 0.62756549006711 0.00650325893029428 0.0843426409460833 0.000154653901780024 CASC3 upregulated
239 1.61396444586917 0.00654621718475415 0.0848997789395747 0.000157872524520849 LINC01546 upregulated
240 0.902357854203606 0.00654621718475415 0.0848997789395747 0.000157516211903262 LOC100130075 upregulated
241 0.494904908117421 0.00657201100144398 0.0852343063885074 0.000159124780923873 TAZ upregulated
242 0.66662691697857 0.00657554199824439 0.0852801009045356 0.00015952554303647 JUP upregulated
243 0.675761683096846 0.00663143121440942 0.086004944270345 0.000161597837253948 PLXNB1 upregulated
244 0.774587829866428 0.00663143121440942 0.086004944270345 0.000161835282549475 CNMD upregulated
245 0.920484001582313 0.00665633790464914 0.0863279663204526 0.000162762253985284 CCDC102A upregulated
246 0.852280118581534 0.00673172947109908 0.0873057412926022 0.000164928501689199 LOC100506258 upregulated
247 0.992793973289929 0.00682372929754729 0.0884989135793578 0.000169046135683829 HSPB7 upregulated
248 0.576626680629431 0.00682372929754729 0.0884989135793578 0.000169145516940689 LOC728989 upregulated
249 1.52912696080474 0.00682372929754729 0.0884989135793578 0.000168715507768886 OLAH upregulated
250 1.29181546590818 0.00682372929754729 0.0884989135793578 0.000169080815925495 SLC10A1 upregulated
251 0.668499233602195 0.00686519941725097 0.0890367515239406 0.000170502627325886 TMEM79 upregulated
252 0.464054130081962 0.00687312756108151 0.0890492663108228 0.000171358600554365 CTBP2 upregulated
253 0.569949674424904 0.00699822003146946 0.0905897104556876 0.000176192421407012 PPP2R1B upregulated
254 0.91647375617671 0.00699822003146946 0.0905897104556876 0.000176490566071484 SUN2 upregulated
255 1.06826509278902 0.00704417950155604 0.091185946908055 0.000179000581858594 MID1IP1 upregulated
256 0.786756762809835 0.00704417950155604 0.091185946908055 0.000178509523282267 SAMHD1 upregulated
257 0.883949569639437 0.00705714046728531 0.0913543716239925 0.000180006651416588 AJUBA upregulated
258 0.454995490562918 0.00705714046728531 0.0913543716239925 0.000179994685889423 TRPM7 upregulated
259 0.879628849752016 0.0071369607046231 0.0923882902704678 0.000182726998910137 ITPK1-AS1 upregulated
260 0.553433970441532 0.00727563847512067 0.0941841373832637 0.000186975222834764 CARD8 upregulated
261 0.372320698829907 0.00729536787641382 0.0944398646840428 0.000187832025201813 ZC3H11A upregulated
262 0.796595525873521 0.00749686914609551 0.0970496690371012 0.000194457793931902 ATOH8 upregulated
263 0.842695330995647 0.00754304661464012 0.0976481165677938 0.000196378880555669 LINC00222 upregulated
264 1.22721889073599 0.00754304661464012 0.0976481165677938 0.000196337062609889 LRRC46 upregulated
265 0.490446785018559 0.00765387142137006 0.099084125242718 0.000200296003341876 CAPN2 upregulated
266 1.60637655719024 0.00769620051618457 0.0996324334700919 0.000202211146515278 KIF19 upregulated
267 1.53119840088254 0.00779371036081989 0.100895098004289 0.000205146808653695 STON1 upregulated
268 0.698853433662299 0.00780101350355166 0.10098997620821 0.000205713066450276 SSBP3-AS1 upregulated
269 0.640965948334749 0.00789539087006748 0.102212434183239 0.000208706087163114 HAUS5 upregulated
270 0.87116775251338 0.00789539087006748 0.102212434183239 0.000208958899183835 PRR34 upregulated
271 1.34479301271625 0.00804027573013251 0.104089779452877 0.000214283111892179 LDLRAP1 upregulated
272 0.324213206632164 0.00804027573013251 0.104089779452877 0.000214370568220609 TRNAU1AP upregulated
273 0.663369557326749 0.00827082108126141 0.107075798388318 0.00022246395102784 LOC389765 upregulated
274 1.01663165235558 0.00832021478132584 0.107715600713003 0.000224191432473756 FAM222A upregulated
275 0.518397304374122 0.00849510423972407 0.109785455697345 0.000229311199451726 MAVS upregulated
276 0.721046025140655 0.00855955119453507 0.110619022425999 0.000231461229981195 RND2 upregulated
277 0.904364702830643 0.0086576379079335 0.111887341954909 0.000234528715442414 PVRIG upregulated
278 0.894782571371969 0.00868404877333971 0.112229363285795 0.000235660526715744 LOC101929549 upregulated
279 0.561705432539512 0.00891111156064969 0.115166682636174 0.00024353136067365 LOC646762 upregulated
280 0.581260875536388 0.00892724601613811 0.115382841604385 0.000247881169316765 LOXL3 upregulated
281 0.475226807256149 0.00892724601613811 0.115382841604385 0.000246552665550282 STK38 upregulated
282 0.448895634827153 0.00892724601613811 0.115382841604385 0.000247753258424885 NAA16 upregulated
283 0.589180520822627 0.00892724601613811 0.115382841604385 0.000245953473649901 TEP1 upregulated
284 0.66502837913298 0.00892724601613811 0.115382841604385 0.000246327074292016 SAMD4A upregulated
285 0.389593832124799 0.00892724601613811 0.115382841604385 0.000245381155948349 LOC440434 upregulated
286 0.798843247346381 0.0089663736569309 0.115890600707739 0.000251060181984353 LMF1-AS1 upregulated
287 0.893785798634381 0.00898482439215451 0.116134433175844 0.000255023063727069 CAHM upregulated
288 0.498749487031855 0.00898482439215451 0.116134433175844 0.000254268711134783 COX19 upregulated
289 0.562554959877199 0.00909364835345521 0.11754238297923 0.000258983896147691 PLCG1 upregulated
290 0.550485191470698 0.00909754123117338 0.117594025608333 0.000259712120917411 TMEM14EP upregulated
291 0.72855784228208 0.00915762066814294 0.11837127031124 0.000262123006131339 KANK2 upregulated
292 0.624398846653089 0.00919391363049635 0.118841056151908 0.000263602644245904 CTAGE7P upregulated
293 0.738964735644886 0.00922238361152054 0.119209724145266 0.00026486109139861 HSP90AB4P upregulated
294 0.659047936762006 0.00925504130554468 0.119634502641245 0.000267505827249945 WEE1 upregulated
295 0.726311404278831 0.00934112301356039 0.120749206596998 0.000271406268697205 CCNI2 upregulated
296 0.328443950117688 0.00934112301356039 0.120749206596998 0.000271287846763302 CALCOCO1 upregulated
297 0.604036827995741 0.00949607220705178 0.122757438253422 0.000279550670524514 ABCG1 upregulated
298 0.407095080248942 0.00956473255506411 0.123646974907447 0.000282947690774059 SAP30L upregulated
299 0.619710753135908 0.00966576337463392 0.124954343611246 0.000286863284695709 TP53I3 upregulated
300 0.574608881628681 0.00966576337463392 0.124954343611246 0.000286519606875723 COBL upregulated
301 0.474371260568828 0.00966871152347009 0.124993105143644 0.000287414352234332 FOXN3 upregulated
302 0.553761842315672 0.00979800129220148 0.126665819420223 0.000292197190571478 ZNF565 upregulated
303 1.4257190674583 0.00979800129220148 0.126665819420223 0.000291800409464476 ZNF341-AS1 upregulated
304 1.38855938017056 0.00983289196867475 0.127119479737564 0.000294107521088933 LMNTD2 upregulated
305 0.629181801204999 0.00983289196867475 0.127119479737564 0.000295040764460206 CMTM1 upregulated
306 0.918302843185473 0.00983289196867475 0.127119479737564 0.00029498062456364 ARGFXP2 upregulated
307 0.631198925108939 0.00998889068704911 0.129136884749893 0.000300284530890339 C3orf62 upregulated
308 0.456733405094924 0.0100144816032515 0.129469034365441 0.000302014140501759 IRF2BP2 upregulated
309 0.994663936132057 0.0102224132832441 0.131951076500921 0.000309755247399448 RPS10P7 upregulated
310 1.14036768105923 0.0103541257673261 0.133653215282928 0.000314739211606882 SMTN upregulated
311 1.49810105215685 0.0104126568786025 0.13441073769831 0.000317516890002933 SLC23A3 upregulated
312 0.346285554030647 0.010437066781196 0.13472781331625 0.000319097903352448 RBM17 upregulated
313 1.12125444136346 0.010437066781196 0.13472781331625 0.000319262051416937 LOC101928069 upregulated
314 0.705876218563103 0.0104505077486493 0.134902305307411 0.000320174255712083 FZD9 upregulated
315 0.823665628286014 0.0108992125755351 0.140698584277475 0.000336011587767612 TSSK3 upregulated
316 0.766966828350833 0.0112154302544605 0.144558272615538 0.000346297985514339 JDP2 upregulated
317 0.454983976366496 0.0112224543692863 0.144650192399755 0.000347052935138788 UBXN2A upregulated
318 1.97664944948498 0.0113389010095109 0.146152508827945 0.000351197681936235 LINC01134 upregulated
319 0.429806001008717 0.0113832584046414 0.146725648031662 0.000353117331725704 TRMT10B upregulated
320 0.332927867544881 0.0114719492862994 0.147871637966737 0.000356968647782917 KEAP1 upregulated
321 0.796784600227152 0.011633845882657 0.149736177960931 0.000364237491555594 LOC102723809 upregulated
322 0.481503465198473 0.011633845882657 0.149736177960931 0.0003642015882972 PPM1D upregulated
323 1.07880872729264 0.0117151327710689 0.150789376222555 0.000369029209885999 LOC100130548 upregulated
324 0.282239100191316 0.0117264710167032 0.150937047093713 0.000369948598983108 MRPS5 upregulated
325 0.829057097896479 0.0117493788837789 0.151235361442297 0.000371797960554924 SPDYA upregulated
326 0.446671976987492 0.0117683465252731 0.151482949651597 0.000373526652909373 TRIM8 upregulated
327 1.20862064037021 0.0117939600323826 0.151821179849269 0.000376371477244115 LOC101927043 upregulated
328 0.71102890691046 0.0117939600323826 0.151821179849269 0.000377166962727102 COL6A6 upregulated
329 0.389160359250262 0.0117939600323826 0.151821179849269 0.000376739547918313 DEK upregulated
330 1.06612996161725 0.0119476253555922 0.153807796308692 0.000384608901491133 MYOT upregulated
331 0.968519592656024 0.0119645803561919 0.154027756873236 0.000386065233720915 ITGA10 upregulated
332 0.415448727542864 0.0119683005783048 0.154079016434546 0.0003870408621115 ALG12 upregulated
333 0.284856292243376 0.0119860648260565 0.154311064011276 0.000389057193615584 PPP4R3A upregulated
334 0.685326930863639 0.0121154574477195 0.155980259574268 0.000394418929232465 LHX4 upregulated
335 1.00934887412076 0.0122371263588681 0.157548377620619 0.000398966578320483 TLDC2 upregulated
336 1.03572974961259 0.0124800350918078 0.160679175180715 0.000408082846651623 PCA3 upregulated
337 2.07265587904269 0.0125259850845412 0.161274208674718 0.000410786488844329 LINC01068 upregulated
338 1.13059461280219 0.0125259850845412 0.161274208674718 0.000410740319082381 SH2D7 upregulated
339 0.588066980878958 0.01254389707881 0.161506539677654 0.000411975331974151 SCUBE3 upregulated
340 0.743982314766094 0.0126173868395399 0.162456170117779 0.000415598828151887 PRR26 upregulated
341 1.61528203636007 0.0126316260487955 0.162644617660721 0.000417385679182655 CXCR2 upregulated
342 0.297751384981623 0.0127312977446139 0.163939833840053 0.000425454980485972 KCTD7 upregulated
343 0.566037658672235 0.0130467666686274 0.168007228660191 0.000437873935275407 LOC644656 upregulated
344 0.569970730441041 0.013056017961424 0.168128061399146 0.000438810403747338 ZBTB12 upregulated
345 0.445655717812382 0.0131350115828316 0.169148704929775 0.000442694175492657 HBP1 upregulated
346 0.362157907885761 0.0132296242675174 0.170370511737468 0.000447182485908796 PCMTD2 upregulated
347 0.436054268749228 0.0132592531847501 0.170755473319917 0.000449455434703856 SNORA57 upregulated
348 0.991296876049701 0.0132655655379705 0.17083845964606 0.000450305432271329 COL8A2 upregulated
349 0.600596029660128 0.0134128104421457 0.172736438057498 0.000455946809391634 RNF130 upregulated
350 0.477239744668427 0.0135529819103676 0.174555270482055 0.00046569336317962 STAG1 upregulated
351 0.533733969850015 0.0135529819103676 0.174555270482055 0.000464477207268157 NACC2 upregulated
352 0.766184467906877 0.0135529819103676 0.174555270482055 0.000465308708823393 SMG1P7 upregulated
353 2.18171300527363 0.0135529819103676 0.174555270482055 0.000464648819480668 OR7A5 upregulated
354 0.583196049667137 0.013623997333661 0.175473291959607 0.000469018516345476 KMT2E-AS1 upregulated
355 0.639377513217451 0.0138650029059807 0.178579089511671 0.000478630775869306 LSS upregulated
356 0.330298156705057 0.0138701062938877 0.178648233256985 0.000479971334073743 OTUD4 upregulated
357 0.92323194317412 0.0138701062938877 0.178648233256985 0.000480136968125181 HIP1 upregulated
358 0.555200537005328 0.0140005540778454 0.180336942738743 0.000487672980746001 CC2D1B upregulated
359 0.397775240188645 0.0140739962056206 0.181286326026186 0.000491918455861217 POLR3H upregulated
360 0.874643538329434 0.0141055261636519 0.181694157058121 0.000493696797212729 LOC100134368 upregulated
361 1.55735896222459 0.0142541444206235 0.183610226726102 0.000499581894398799 OPTC upregulated
362 1.27733685945787 0.0142923942856183 0.184104638815114 0.000501607739227722 MIR3139 upregulated
363 0.277912168693367 0.0144154157761591 0.185694457755074 0.000507998781966578 TRRAP upregulated
364 1.61185668693224 0.0144285174656204 0.18586493554957 0.000509152268048933 CLEC18A upregulated
365 0.741108827309358 0.0145355977071111 0.18699810692847 0.000515021657263995 TPM3P9 upregulated
366 0.896389937989631 0.0145769472659238 0.187534138792762 0.000517884543512946 LLGL2 upregulated
367 0.255317565407717 0.0146510008083297 0.188488886700927 0.000521217941208259 SNX27 upregulated
368 0.428371180679289 0.0146591192010906 0.188595367974046 0.000522209597085407 SNHG3 upregulated
369 1.08190003484161 0.0146682862322087 0.188719384963182 0.000523278128363725 MCM7 upregulated
370 0.475461182851022 0.0146712387249714 0.188763403581503 0.000526170053787527 NHEJ1 upregulated
371 0.447029701063708 0.0146712387249714 0.188763403581503 0.0005266790656255 ZBTB1 upregulated
372 0.397520682654665 0.0146716499725118 0.188770695002635 0.000527580068053117 COLGALT1 upregulated
373 1.0227516609908 0.0147061681204114 0.189224763425228 0.000530920353753101 ITPKB-IT1 upregulated
374 0.729881657563088 0.0147061681204114 0.189224763425228 0.000532346786733978 GDF11 upregulated
375 0.478767090486744 0.0147061681204114 0.189224763425228 0.000531570036332523 DUSP18 upregulated
376 0.388613754654252 0.014787842614661 0.190277656325144 0.000536012322802116 RRNAD1 upregulated
377 0.51697585804671 0.0147937344976983 0.19035544817681 0.000536935178345764 IKBKB upregulated
378 0.778241593781104 0.014894149548099 0.19166328032462 0.000546292583031871 LOC101927124 upregulated
379 1.50450650439125 0.0148966534801931 0.191697449355826 0.000547098651092101 LOC284933 upregulated
380 0.540180707409173 0.0151287193761604 0.194695547669604 0.000559973695085384 LOC100996724 upregulated
381 0.446884907082808 0.0151287193761604 0.194695547669604 0.000559592089474495 ZNF431 upregulated
382 0.743639064525325 0.0151933097450973 0.195551753542803 0.000570079102349658 RFTN2 upregulated
383 0.667032588068616 0.0151933097450973 0.195551753542803 0.000571245247497173 IL17RB upregulated
384 1.67354601774708 0.0151933097450973 0.195551753542803 0.000571053293878673 LINC01445 upregulated
385 0.876252601221073 0.0151933097450973 0.195551753542803 0.00057045831083527 FAM84B upregulated
386 0.328647875175781 0.0151933097450973 0.195551753542803 0.000571834307422033 CARS2 upregulated
387 0.477760122603904 0.0154882625485718 0.199351907959893 0.000584420704114975 AXIN1 upregulated
388 1.06747176443818 0.0154989682366393 0.199495434572582 0.000586375464445908 HILS1 upregulated
389 1.22478813791733 0.0155294930440911 0.199894035694734 0.000590080917070036 ALOX15B upregulated
390 0.528196726058251 0.0155294930440911 0.199894035694734 0.000590443878983757 ZNF701 upregulated
391 1.27255404163759 0.0155552334162927 0.200236654638718 0.000593162607658769 FANCB upregulated
392 0.698502049680892 0.0155552334162927 0.200236654638718 0.000593048937351338 MORF4L2-AS1 upregulated
393 0.511171306510728 0.0155552334162927 0.200236654638718 0.000595457404020053 NCOA5 upregulated
394 0.568786047401386 0.015640743039592 0.201341134792285 0.000600672923944632 MXD4 upregulated
395 0.872798138892404 0.0157015702766542 0.202127898440127 0.000604172081113228 LINC00910 upregulated
396 1.571408106357 0.0158548696666771 0.204105097846171 0.000611640617931642 PROK2 upregulated
397 0.643442643968351 0.015916598491544 0.204903510836851 0.000615845758386921 KPTN upregulated
398 1.16475354691734 0.0159309444806848 0.205091936879593 0.00061792846933279 BOK upregulated
399 1.56519762285142 0.0159541557415946 0.205392621001222 0.000619593716770947 LOC101927651 upregulated
400 0.681457483748298 0.0161171995957523 0.207495393405724 0.000627471164201511 CA2 upregulated
401 0.499915899366353 0.0161893684594722 0.208430134431813 0.000631981658847943 FAM13B upregulated
402 0.439282314234931 0.0161893684594722 0.208430134431813 0.000632609449799582 BRWD3 upregulated
403 0.471677288979706 0.0162086376444336 0.208685664321574 0.000634808371245877 ELMOD3 upregulated
404 0.495092569082126 0.0162086376444336 0.208685664321574 0.000635413914906562 LIPT1 upregulated
405 0.531598999661826 0.0162086376444336 0.208685664321574 0.000636470932099108 MXI1 upregulated
406 0.424367657845106 0.0164487118408931 0.211782232817038 0.000647257024876456 ZNF524 upregulated
407 0.614725307953448 0.0166325641574312 0.21416619593239 0.000662559221763922 PLOD1 upregulated
408 0.60424572681449 0.0166325641574312 0.21416619593239 0.000662425543423913 CEP152 upregulated
409 0.561528811409633 0.0166325641574312 0.21416619593239 0.000662686906785506 ZNF850 upregulated
410 0.593098517419256 0.0166733655411307 0.214701339371008 0.000667190210326713 PELI2 upregulated
411 1.21373864851558 0.0166733655411307 0.214702600429826 0.000669093014983722 ARRDC2 upregulated
412 0.634278886027822 0.016720090277105 0.215307926954102 0.000672587416334615 DNAJB6 upregulated
413 1.86846231509027 0.0167506412915728 0.215712214307154 0.000677604512686443 GRK7 upregulated
414 0.890352293354681 0.0167506412915728 0.215712214307154 0.000676263313419146 CCDC160 upregulated
415 1.39953590538601 0.0167615964148697 0.215855091648354 0.000679882560626156 GIPR upregulated
416 0.490516644372895 0.0169885628943197 0.218785206401291 0.000692346860055221 SYT9 upregulated
417 0.811670371852293 0.0169890548843228 0.218795142461981 0.000693996009082947 EPPK1 upregulated
418 0.581139115729006 0.0170575067343577 0.219680303774581 0.000698427901958164 CSRP1 upregulated
419 0.821291465778998 0.0170710640868792 0.219863834876089 0.000701225080539191 ANXA9 upregulated
420 0.416580586195629 0.0170710640868792 0.219863834876089 0.000702929629532829 ING5 upregulated
421 0.572265389202331 0.0170710640868792 0.219863834876089 0.000702637784697026 LOC100128288 upregulated
422 1.23941292652991 0.0170786517033548 0.219963332414247 0.000704206763431228 LOC101927354 upregulated
423 0.383773749044859 0.0172289613058819 0.221908121819351 0.000713796772067135 PSPH upregulated
424 1.22227221838676 0.0172289613058819 0.221908121819351 0.000713771423927828 OVCH2 upregulated
425 0.623224048281405 0.0172505007537495 0.222187316181402 0.000716255149482046 MCMDC2 upregulated
426 0.240137672211523 0.0172720752359855 0.222466962151025 0.000717979058809964 LCOR upregulated
427 0.453437622149291 0.0172938738924308 0.222754762986999 0.000722008049330223 RPL19P12 upregulated
428 0.352561018099343 0.0172938738924308 0.222754762986999 0.000722201858383622 CREBBP upregulated
429 1.35061294014332 0.0175161347919832 0.225629914607134 0.000737362341053901 MIR340 upregulated
430 0.600313041066786 0.0175161347919832 0.225629914607134 0.000735429860451667 DDTL upregulated
431 0.46433709167739 0.0177401503905854 0.228517282667348 0.000747643102714893 RAB29 upregulated
432 0.574138926693011 0.0177640985834596 0.22882753091077 0.000749504087521909 MRPL45P2 upregulated
433 0.39753427428514 0.017863215217135 0.230107831436541 0.000755182020190823 USP21 upregulated
434 1.0195613792713 0.0178708734526628 0.230208243772557 0.000756579625962569 SGCA upregulated
435 0.556386605220994 0.0179250059190527 0.230910841964146 0.000761449644928834 PGPEP1 upregulated
436 0.984913876691761 0.017977385153073 0.231587350147342 0.000764536636657992 MIR3619 upregulated
437 1.47762585055993 0.0179948596709807 0.231815963545463 0.000766347000144045 BOK-AS1 upregulated
438 0.341479987244925 0.0180152024574165 0.232081518684667 0.000769599913197398 ASCC1 upregulated
439 0.877155948652386 0.0180598261357384 0.232659870337487 0.000773237989126644 ADAT3 upregulated
440 0.865525647063224 0.0182560317725431 0.23519974375822 0.000787765670771866 SPATC1 upregulated
441 0.500091351796702 0.0183679786644408 0.236655808679119 0.000798166230455367 LINC01355 upregulated
442 0.568439347117143 0.0184689977079008 0.237960786477546 0.000805293665384352 KIF13A upregulated
443 1.08150700032445 0.0184689977079008 0.237960786477546 0.000805810419244845 KIF1C upregulated
444 0.387736194197553 0.0185022235686454 0.238397412745228 0.000811695572964019 MGA upregulated
445 0.996398802353661 0.0185440320046559 0.238939501000366 0.00081509496920139 ZBTB20-AS1 upregulated
446 0.721688248800655 0.0185527721821342 0.239055499937228 0.000817471239170604 LINC00260 upregulated
447 1.76862426229523 0.0186356392318087 0.240126637770677 0.000822909513951951 SNRPD2P2 upregulated
448 0.460177940847596 0.0186724307950848 0.240602398792988 0.000825429409458128 PNPT1 upregulated
449 0.593814515386405 0.0186822215386171 0.240733604787219 0.000828549404191438 ZBED8 upregulated
450 0.464528540700848 0.0186822215386171 0.240733604787219 0.000828315940987173 BMI1 upregulated
451 0.284625140942087 0.0186822215386171 0.240733604787219 0.000827928852939477 PGS1 upregulated
452 0.767770706495508 0.0187282952741558 0.241330652929213 0.000831900402423515 SH3GL1P1 upregulated
453 0.32131038560778 0.0187436419769924 0.241531752709264 0.000834777265517217 BTBD7 upregulated
454 0.718853242115084 0.0187814600142484 0.24202241470286 0.000838353515523097 DHFR upregulated
455 0.396833297541772 0.0189380092779303 0.244043096057333 0.000847157436654792 JTB upregulated
456 0.498190886811641 0.0190737939604598 0.245801246328161 0.000857804033893237 CDK2AP2 upregulated
457 0.652107910969671 0.0190785937742424 0.245869736641793 0.00086167882894646 ZFAND4 upregulated
458 1.06278611062392 0.0191611141233467 0.24693650444965 0.000867243214865 CDK18 upregulated
459 0.335534340254377 0.0192556882434461 0.248166853699706 0.000875269490839485 PDS5A upregulated
460 0.86803198998984 0.0192556882434461 0.248166853699706 0.000877986264540308 LOC401127 upregulated
461 1.20150066324346 0.0192556882434461 0.248166853699706 0.000873239245133076 AMN upregulated
462 0.65978356969078 0.0192556882434461 0.248166853699706 0.000876385293706121 ZNF577 upregulated
463 0.522164521784652 0.0192556882434461 0.248166853699706 0.000876142642076591 ATF4 upregulated
464 0.999489769478454 0.0193497761073699 0.249381098210657 0.000883204049202483 NUPR1 upregulated
465 0.280104009889701 0.0194054347528583 0.250104984295269 0.000888627513146189 ZNF81 upregulated
466 0.456162037076212 0.0194054347528583 0.250104984295269 0.000889466156385508 ZNF271P upregulated
467 1.71683719033507 0.0195721283062999 0.252258319113379 0.000899921898918425 LOC102724484 upregulated
468 0.410668333277626 0.0195721283062999 0.252258319113379 0.000899833785423847 NXF1 upregulated
469 0.927459856679157 0.0195721283062999 0.252258319113379 0.000898411427007782 PKMYT1 upregulated
470 0.730762484051614 0.0195747124153483 0.252294889459292 0.000901917755724682 TIAF1 upregulated
471 0.229539037351443 0.0196649295909654 0.253459316916247 0.000907017417006699 EP300 upregulated
472 0.662706694473686 0.0196954209655883 0.253853951134116 0.000909368096555667 HSPB2 upregulated
473 0.321127494951183 0.0197364480749829 0.254387640648124 0.000914101205371506 TRIM4 upregulated
474 1.312658620027 0.019863516609611 0.256027090706132 0.000920938800474363 LINC01108 upregulated
475 0.908350923792159 0.0199610018313565 0.257291769744101 0.000930243744549958 DNASE1L2 upregulated
476 0.403295726038655 0.0199610018313565 0.257291769744101 0.000929817321225993 ZNF613 upregulated
477 1.15678773045944 0.0200933309966964 0.259008817606131 0.000942829683235418 SAMD11 upregulated
478 0.334522817089105 0.0200933309966964 0.259008817606131 0.000939309009543157 UPF2 upregulated
479 0.561324596422299 0.0200933309966964 0.259008817606131 0.00094020990117766 HEXDC upregulated
480 0.341259799846622 0.0200933309966964 0.259008817606131 0.00094304247581098 CERS4 upregulated
481 0.223083191429802 0.0200933309966964 0.259008817606131 0.000939224613156742 NCOA6 upregulated
482 0.563823502264669 0.020130723379226 0.259494038752783 0.000946839892363269 SH2D4A upregulated
483 1.28301656193178 0.0201846010703338 0.260193368642226 0.000951417709605119 DTHD1 upregulated
484 0.320117500724616 0.0201846010703338 0.260193368642226 0.000952277290751712 ZNF853 upregulated
485 0.782155432289264 0.020333756393277 0.261855338421624 0.000961264026646745 SLC17A9 upregulated
486 0.233090799750606 0.0203728532037839 0.262362565704422 0.000965065875501677 ILK upregulated
487 1.89045599005098 0.0206028235128596 0.2653279051721 0.000977935238899699 MIR4479 upregulated
488 0.46722403121725 0.0206403029921435 0.265814337236402 0.000981328142491091 ZNF394 upregulated
489 0.303308956706147 0.0206475153367327 0.265909097146962 0.000983026452959464 TAF8 upregulated
490 1.44946748681756 0.0207940310088966 0.267799767770846 0.000991996013513549 NGFR upregulated
491 0.714876275191865 0.020839350990409 0.268385311997862 0.000995157193577571 NINL upregulated
492 0.65841836736158 0.0208998796109022 0.26916861109917 0.00100005177406532 LOC101927550 upregulated
493 0.674088745610423 0.0210828991801523 0.271531380035829 0.00101184168765079 SERHL2 upregulated
494 0.718315084343678 0.0211217948087722 0.272037970425666 0.00101674651138741 PLOD3 upregulated
495 0.528252825015705 0.0213358955171671 0.274801146973132 0.00103012162754889 ZNF704 upregulated
496 0.771593888763572 0.0214457197993418 0.275947834490833 0.00103748052344709 TRIP10 upregulated
497 0.328597721121017 0.0216038374024471 0.277986701996411 0.00104720140067479 CYB5RL upregulated
498 0.671632364995126 0.021611706554617 0.278096562164279 0.00105172632249533 LYG1 upregulated
499 0.417421849186962 0.02163615935135 0.278417633795163 0.00105555701267128 RBM6 upregulated
500 0.290853298533092 0.0217686036059476 0.280130497041127 0.00106483728273687 GRB10 upregulated
501 1.45371202351771 0.0217686036059476 0.280130497041127 0.00106655833265245 LINC00323 upregulated
502 1.10675377978941 0.0218217433308325 0.280818588563452 0.00107047027103674 TMPRSS5 upregulated
503 0.894876833824314 0.0218362413715513 0.281007285464805 0.00107312400660882 LOC100288637 upregulated
504 0.459537699772946 0.0219653791414642 0.282690292309091 0.00108893166983551 MOB3C upregulated
505 0.60970801915155 0.021975216972406 0.282821087119034 0.00109259720958839 ASPRV1 upregulated
506 1.14500141004667 0.0221809125341721 0.285204904335381 0.00110676298849514 PLPP2 upregulated
507 1.40105074392519 0.0221858379211633 0.285282248613107 0.0011100622444979 LOC100505912 upregulated
508 0.746168786786984 0.0221858379211633 0.285282248613107 0.00110919370090623 SHROOM1 upregulated
509 0.722253724697677 0.0222666771656528 0.286326393218438 0.00111989952278706 ZNF788 upregulated
510 0.656888170723048 0.0226005006825653 0.29062606782872 0.00113931142231981 RENBP upregulated
511 0.721890888329991 0.0226564846858132 0.291357672475448 0.00114756623731474 LOC102723566 upregulated
512 0.455956778046039 0.0226564846858132 0.291357672475448 0.00114791590305811 ZNF768 upregulated
513 0.620653421922017 0.0226564846858132 0.291357672475448 0.00114512347011431 DKFZP434H168 upregulated
514 1.04882700369307 0.0226564846858132 0.291357672475448 0.00114819505743417 ABCA6 upregulated
515 0.982804052816974 0.0228050907794106 0.293282692096225 0.00116228659435746 EGFR-AS1 upregulated
516 1.41018196762193 0.0229778830878832 0.295509530151721 0.00117329651860745 CLCA4 upregulated
517 0.54890414886089 0.0229924362950973 0.29570133792799 0.0011759665616338 LINC01176 upregulated
518 0.47702520277525 0.0230065204428921 0.295884788763162 0.00117806797876055 KANSL1L upregulated
519 0.628259304176005 0.0230158048366603 0.296008818088302 0.00118027240150191 ZNF69 upregulated
520 0.860787986009276 0.0231079379234946 0.29719837683801 0.00118769283473108 LOC101929718 upregulated
521 0.723192729126613 0.0231079379234946 0.29719837683801 0.0011870198296491 LOC100506083 upregulated
522 0.637172878747333 0.0233557061065705 0.300391979900859 0.00120302015978645 KCNMB3 upregulated
523 0.394860681400315 0.0233557061065705 0.300391979900859 0.00120378693314299 MICAL3 upregulated
524 0.587293958909563 0.0233864569852796 0.300789806646445 0.0012064931541526 ITGB5 upregulated
525 0.818786533358422 0.0234852549687468 0.302065166196041 0.00121384210846761 LOC105371730 upregulated
526 0.514229011916326 0.0235391398468516 0.302767495825793 0.00122114155028496 EEF1D upregulated
527 1.51636989743928 0.0235391398468516 0.302767495825793 0.00122103888848263 ADORA2A upregulated
528 0.9489591552234 0.0238347593353774 0.306586099590263 0.00123982146869449 CCDC151 upregulated
529 0.400687195562401 0.0238347593353774 0.306586099590263 0.00124420799004522 A1BG upregulated
530 1.15109511062703 0.0243004815254769 0.312583715020825 0.00127228871965387 CLDN9 upregulated
531 1.00139979906719 0.024362255106 0.313380669146684 0.00127669103087011 SH3PXD2A-AS1 upregulated
532 1.19753044225232 0.0244267888840541 0.314215478027269 0.0012824152000786 CEL upregulated
533 0.844267489952649 0.024547614575398 0.315772075373707 0.00128993554080818 GYS2 upregulated
534 0.878403950493956 0.024564502736319 0.315994006860902 0.00129220003229386 SPACA6 upregulated
535 0.639377141686099 0.024564502736319 0.315994006860902 0.00129317850143732 MCM8 upregulated
536 0.501967561548646 0.0245716269793284 0.316090324469985 0.00129554794352553 LOC150776 upregulated
537 1.03853761843352 0.0246127430454844 0.316626231891974 0.00130149424569589 CLMN upregulated
538 0.425609997727802 0.0246222209839981 0.316755113021903 0.0013056612364339 PEX6 upregulated
539 1.2441508246495 0.0248269177550793 0.319406970548979 0.00132603856638818 LOC149684 upregulated
540 0.390204261561914 0.024887492888958 0.320195471938887 0.00133123288836481 RNF144A upregulated
541 1.07309795487291 0.024887492888958 0.320195471938887 0.00133404694106799 MAGI1-AS1 upregulated
542 0.521936624811635 0.024887492888958 0.320195471938887 0.00133326095222209 FAM173B upregulated
543 1.11321888683692 0.024887492888958 0.320195471938887 0.00133245786439411 SLC35G6 upregulated
544 0.822881249005414 0.0249541300874002 0.321068761087561 0.00134498746090349 LOC285847 upregulated
545 0.420936113440968 0.0249541300874002 0.321068761087561 0.00134345025482547 PPP1CC upregulated
546 0.364561837700969 0.0251235833674096 0.323251285990305 0.00135633863315449 PKNOX1 upregulated
547 0.64705211474882 0.0252366469765822 0.324710578313868 0.00136486253006591 LOC100652758 upregulated
548 1.03251479775681 0.0253117185529306 0.325678779825162 0.0013701361771232 ASB9P1 upregulated
549 0.481240520783482 0.0253422080377314 0.32607563969243 0.0013742166798041 CCDC142 upregulated
550 2.21377070420756 0.0253422080377314 0.32607563969243 0.0013736260081612 NANOS2 upregulated
551 0.583552474993505 0.0253812650176876 0.326580459542605 0.00137755151747722 PSMD6-AS2 upregulated
552 0.731429207027828 0.0253880272052398 0.326672013032021 0.00138035301580965 SNORA38B upregulated
553 0.401649713464689 0.0254538236249191 0.327520898785226 0.00138515077979974 KIAA1147 upregulated
554 0.725902520270468 0.0255127657341941 0.32829515323885 0.00139692086438364 PRR25 upregulated
555 0.313988720956336 0.0255127657341941 0.32829515323885 0.00139470066917954 RNF114 upregulated
556 0.718583267310445 0.0255127657341941 0.32829515323885 0.00139516894813586 RTEL1 upregulated
557 0.722162258764136 0.0258068644553291 0.332084119277582 0.00141522352508328 RGS9BP upregulated
558 0.564207131902367 0.0258430093135795 0.332553763488861 0.00141995918268985 CALML4 upregulated
559 0.478070351193839 0.0259000880863489 0.333295047162493 0.00142682078972119 FANCE upregulated
560 1.32032458145465 0.0259230653375936 0.333599724485708 0.00143239194480475 SCGN upregulated
561 0.642520049699514 0.0259230653375936 0.333599724485708 0.00143220644755166 BEND7 upregulated
562 0.77814602428361 0.0259230653375936 0.333599724485708 0.00143305817395817 JMJD6 upregulated
563 1.06845598323307 0.0260418262329594 0.335130288475251 0.00144087200809489 MAMDC4 upregulated
564 0.3068196947804 0.0260600061938465 0.335366492000902 0.00144312735071644 ZNF417 upregulated
565 0.474619028172383 0.0263558788671806 0.339185384695373 0.00146583015227164 SLC26A6 upregulated
566 0.853473932735156 0.0263930038435048 0.339667663296179 0.00146987430492789 PPP3CB-AS1 upregulated
567 0.538668025282861 0.0263930038435048 0.339667663296179 0.00147042577869073 ZNF814 upregulated
568 0.430456343422246 0.0264271564692544 0.340109441895104 0.00147359557816287 ZHX3 upregulated
569 1.2280436318197 0.0264573153802008 0.340499824235878 0.00147654576892908 LINC00304 upregulated
570 0.622375103218404 0.0264635367752593 0.340584374517942 0.00147943059308397 WHAMMP1 upregulated
571 0.727044334211348 0.0264635367752593 0.340584374517942 0.00147822226837726 NKD1 upregulated
572 0.834251139533209 0.0265203151153863 0.341321818144839 0.00148641934937367 HIST1H4B upregulated
573 0.865150774797831 0.0265597405007414 0.341835915936401 0.00149244933916042 EPN2-AS1 upregulated
574 0.650876370946775 0.0268824686330764 0.345991821302909 0.00151187302615902 IRAK2 upregulated
575 0.509123126739901 0.0269248053459694 0.346538965103057 0.00151554497176814 TUBD1 upregulated
576 2.50284591904727 0.0270201966965015 0.347768962723407 0.001522209863278 MIA upregulated
577 0.835544642236247 0.0271317866491103 0.349209714572062 0.00153109809109665 GLTP upregulated
578 0.601861702870207 0.0271971360431732 0.350053073164913 0.00153608986234156 GMPR upregulated
579 0.998133347673684 0.027694285589072 0.356465558327716 0.00157213569245151 REP15 upregulated
580 0.5357593767158 0.0277013845880327 0.356561468815319 0.00157519500030718 EFCAB2 upregulated
581 0.393108159216869 0.0277013845880327 0.356561468815319 0.001574636822024 PCED1A upregulated
582 0.1654685601455 0.0277136646084168 0.356724055407812 0.00157855077694774 CDK13 upregulated
583 0.845737566468965 0.0277136646084168 0.356724055407812 0.00157755659800427 GLTSCR2-AS1 upregulated
584 0.740186190473196 0.0277256246073708 0.356882511616949 0.00158142720286722 CATSPERG upregulated
585 0.305397875732871 0.0281460171916637 0.36230968278492 0.00161532255733909 ZBED4 upregulated
586 0.366268384547921 0.0282963795857976 0.36424975736017 0.00162666534608867 CEP104 upregulated
587 0.603919202738288 0.0283608194099733 0.365083799048596 0.00163308932786968 BCAR3 upregulated
588 0.716749280631613 0.0283719920929681 0.365229883070371 0.00163509299015907 ITGA11 upregulated
589 1.38136175902613 0.0284003473743474 0.36559715641842 0.00163808878991897 LOC101929284 upregulated
590 0.312947958597992 0.0284328927652217 0.366018370084961 0.00164132918872929 RALBP1 upregulated
591 0.303344822977998 0.0287249169700257 0.369786700583386 0.00166369562735729 TRIM52 upregulated
592 0.377027189743219 0.0287379402361021 0.369958876206745 0.00166720562332471 ZNF785 upregulated
593 0.47223230928222 0.0288061100944486 0.370838724147995 0.00167254156035754 MCM3AP-AS1 upregulated
594 0.316929611555993 0.0290328286666157 0.37347635515206 0.00169838675735344 EXOG upregulated
595 0.516834417323704 0.0290328286666157 0.37347635515206 0.00169962524821105 RXRA upregulated
596 0.858572145412355 0.0290328286666157 0.37347635515206 0.00169664917177404 PRRG4 upregulated
597 0.927931961728306 0.0290328286666157 0.37347635515206 0.00169544308297063 MIR1250 upregulated
598 0.540878896873524 0.0290328286666157 0.37347635515206 0.00169807223159139 CERS1 upregulated
599 0.501245819930031 0.0290423003107978 0.373600681327146 0.00170157218103251 PAOX upregulated
600 1.43487541000129 0.029209772325627 0.37575753823409 0.00171278475112633 LCN6 upregulated
601 0.981439794806937 0.029351921080694 0.377593648182739 0.00172534186339986 ANKRD37 upregulated
602 0.733231308143649 0.029858676554075 0.384125355596644 0.00176228752160264 ZNF750 upregulated
603 0.538206254057053 0.0299175872209508 0.384900765428677 0.00177031821507678 ZNF137P upregulated
604 0.332313402096802 0.0299175872209508 0.384900765428677 0.00177541580889445 LZTR1 upregulated
605 0.576296995181048 0.0299466648396266 0.385279839009445 0.0017804029534994 JAKMIP3 upregulated
606 0.448158070862587 0.0299466648396266 0.385279839009445 0.00177946042456787 MOB3A upregulated
607 0.358960878924458 0.0299697796160944 0.385579708561836 0.00178321410095283 WDR59 upregulated
608 3.37322202709898 0.030355266333078 0.390556744025932 0.00181633851386496 IRX5 upregulated
609 0.522655659098092 0.0304541943668641 0.391832065068509 0.00182371811690144 TRPV3 upregulated
610 0.839670172183218 0.0308440356515153 0.396870422558931 0.00186002428845486 LOC440390 upregulated
611 0.644799681080912 0.0310081405807463 0.398984461089136 0.00187175763490241 XRCC3 upregulated
612 0.679826898898428 0.0312165021406223 0.401670487757349 0.00188732843646376 TCP11L2 upregulated
613 0.766198017155232 0.0312165021406223 0.401670487757349 0.0018862640428124 LINC00539 upregulated
614 0.493534150860687 0.0312178736625808 0.401690639773711 0.00188890811536544 POLN upregulated
615 1.09599284713094 0.0312403834532781 0.401985281062162 0.00189210080089529 RRAD upregulated
616 1.70805897435194 0.0313805191948697 0.403798474659611 0.0019077766859613 PKHD1L1 upregulated
617 0.290708694700489 0.0314013262918096 0.404071195502218 0.00191170571302547 STX16 upregulated
618 0.846000561103836 0.0314702384448277 0.40496044392087 0.00191775773425593 ZNF488 upregulated
619 0.781577976344023 0.0315299856259026 0.405731763354136 0.00192291037618776 POU5F1P4 upregulated
620 1.257719511628 0.0315853730421058 0.40644698599677 0.00192780265055381 LOC101929754 upregulated
621 0.566382736207557 0.0316773608671249 0.407633197852756 0.00193493588458154 ITGB8 upregulated
622 0.309467070965054 0.0317025056126287 0.407961747567403 0.00193951177838204 ZNF607 upregulated
623 0.702810544741547 0.0317926790718964 0.409124630480109 0.00194655277244147 LOC100506384 upregulated
624 1.00242211988271 0.031870804629111 0.410132484070682 0.00195286418545351 MROH6 upregulated
625 0.44535639739537 0.0318853985811806 0.410322778534587 0.00195528718345543 ZNF561-AS1 upregulated
626 1.02838504534424 0.0321325683375093 0.413520987698034 0.00198122850275864 SLED1 upregulated
627 0.473246506053721 0.0323026929123111 0.415727723879234 0.00199888218096823 ARHGAP17 upregulated
628 0.520848642928763 0.0323026929123111 0.415727723879234 0.00200219467002156 ZNF761 upregulated
629 0.594870648158459 0.0323026929123111 0.415727723879234 0.00199914273541112 KIAA0930 upregulated
630 0.488712577106235 0.0324651643082113 0.417821168899282 0.00201418816775305 LOC644285 upregulated
631 0.582973942205984 0.0326118837249288 0.419724278699274 0.00203103425534339 LOC401261 upregulated
632 0.562245080344455 0.032691072041142 0.42074838866752 0.00203998805146653 BANP upregulated
633 0.672818500441187 0.032693069026837 0.42078636011564 0.00204870504953138 ARHGEF16 upregulated
634 2.39411689514419 0.032693069026837 0.42078636011564 0.00204830278729753 LOC340090 upregulated
635 0.415270305722153 0.032693069026837 0.42078636011564 0.0020462210061764 SLC22A23 upregulated
636 1.36357787520854 0.032693069026837 0.42078636011564 0.00204805089151181 MIR6758 upregulated
637 0.342402793795614 0.0329194825329125 0.423717625204024 0.00207246703048386 GPS2 upregulated
638 0.325188207433851 0.0329194825329125 0.423717625204024 0.00207150727794551 GNAZ upregulated
639 0.310889067778071 0.0329864219861119 0.424581663842671 0.00207974037070226 UMPS upregulated
640 0.496344557703674 0.032992260757714 0.424666536625362 0.0020864358219986 MAPKAPK2 upregulated
641 1.10590555366611 0.032992260757714 0.424666536625362 0.00208402266934649 MIR1914 upregulated
642 0.748791927621777 0.0330662800470463 0.425626558474833 0.00209587295498851 KRTCAP3 upregulated
643 0.835466839990624 0.0330662800470463 0.425626558474833 0.00209556709100619 VSX1 upregulated
644 0.297407345773723 0.0332060424433547 0.427430416394777 0.00210693964024029 REV1 upregulated
645 0.833263509810152 0.0332060424433547 0.427430416394777 0.00210791581699197 CHST3 upregulated
646 0.522690038670547 0.0332445100952014 0.427930413024606 0.00211354559074829 LRP4 upregulated
647 0.567873657454231 0.0333908788744458 0.429821765486234 0.00212744509039664 MTFR1 upregulated
648 1.13277764185906 0.0333908788744458 0.429821765486234 0.00212765393029383 SHISA2 upregulated
649 0.466246793987423 0.0334512205901207 0.430603342266542 0.00213470655441581 ANKZF1 upregulated
650 1.41698173692743 0.0335043170199212 0.431289244582421 0.00213970131229492 KRT8P41 upregulated
651 0.439589019280952 0.0337119567219529 0.433971799104336 0.00215942725130791 FBXL7 upregulated
652 0.28796362154755 0.0337637641338066 0.434645947384522 0.00216681102205525 AGO3 upregulated
653 1.05064403218932 0.0337637641338066 0.434645947384522 0.00216685256180184 CLDN7 upregulated
654 0.515540212362484 0.0339088453803096 0.436516014618343 0.00217854211102339 PWWP2A upregulated
655 0.519274626727705 0.034004646204404 0.437756523096652 0.00218958814079276 CCDC146 upregulated
656 0.243734059294523 0.0341058635963422 0.439064363829118 0.00219937606257277 MAF1 upregulated
657 0.430145467424404 0.0341655229604022 0.439837212721134 0.00220649946913084 SRGAP1 upregulated
658 0.683866899008256 0.0342521526972268 0.440959680434605 0.00221577900397809 PIDD1 upregulated
659 0.361394553780828 0.0342521526972268 0.440959680434605 0.00221702095897091 MAP2K3 upregulated
660 0.850788863768357 0.034322294871985 0.441869889691676 0.00222426848152767 PHACTR2-AS1 upregulated
661 0.894451175907372 0.034322294871985 0.441869889691676 0.00222649781664649 SRRM5 upregulated
662 1.21574644509365 0.034322294871985 0.441869889691676 0.00222488239607665 BCRP3 upregulated
663 0.55922719391013 0.0346213072881078 0.445733854332602 0.00225585446634408 CORIN upregulated
664 0.395029458167615 0.034689199326967 0.4466127279991 0.00226360455885324 HECA upregulated
665 0.850926436556788 0.0347072168064501 0.446847090492187 0.00226644432518507 TSHR upregulated
666 0.273915041632728 0.034717571647165 0.446989946682574 0.00227305924568743 STX2 upregulated
667 0.920716695578564 0.0348785678994867 0.449069930817233 0.00228933976383935 BLID upregulated
668 0.608702999928865 0.0350652882452908 0.451476389810566 0.00230327683252857 ARHGEF10 upregulated
669 0.704575684196958 0.0356751381550262 0.459340499127782 0.00235188737417467 TFEB upregulated
670 1.01725042877115 0.0356973672287819 0.459638737086683 0.00236191047493499 HCG9 upregulated
671 1.15270089983393 0.0356973672287819 0.459638737086683 0.0023613348291892 FAM222A-AS1 upregulated
672 0.512170245664705 0.0356973672287819 0.459638737086683 0.00236150714255587 LINC01089 upregulated
673 0.466957481146611 0.0357479462358231 0.460294783874409 0.0023680704271551 RGL2 upregulated
674 1.40968384134449 0.0357920737780912 0.460870146841456 0.00237569623829276 LINC00601 upregulated
675 2.65738259169414 0.0358454999390237 0.461562850121781 0.00238374207294558 NLRP4 upregulated
676 1.47512210015213 0.0359197455244289 0.462521255134746 0.00239040162956836 LOC101928708 upregulated
677 0.481871859525288 0.0360006187386349 0.463569772126209 0.00240096181931443 CARHSP1 upregulated
678 0.562807363741595 0.0360006187386349 0.463569772126209 0.00240057629856477 UCKL1 upregulated
679 0.426253723682947 0.0361393094171348 0.465369919136437 0.00242060772190331 GABPB2 upregulated
680 0.183657172582798 0.0361635738310777 0.465684742205866 0.00242396683203944 OSBPL2 upregulated
681 1.28626337776713 0.0362436213466616 0.466720263627016 0.00243276723037162 BMP7-AS1 upregulated
682 0.388958780114387 0.0366813662489356 0.472366783918937 0.00246922559397351 EHMT1 upregulated
683 0.285825213866445 0.0366876639263786 0.472450260789066 0.0024714085350991 SMPD4 upregulated
684 0.515335966386901 0.0369488153679889 0.475815664780508 0.00249077213441014 CYP20A1 upregulated
685 0.709803291967697 0.0370105682634709 0.476348224703034 0.00249848396773108 ANO2 upregulated
686 0.318773659162484 0.0370156817596668 0.476348224703034 0.00250060390273628 SMC1A upregulated
687 0.437440312538647 0.0370853186663212 0.477246991642956 0.00250708631728019 INTS8 upregulated
688 0.329306992846481 0.0371660049616559 0.478287958913959 0.00251432291321362 DDX56 upregulated
689 1.59516907913181 0.0372112535913733 0.478872885360647 0.00251916814839234 LOC105377448 upregulated
690 0.309283276222655 0.0373423485649868 0.480562580055437 0.00252983355814961 TMEM120A upregulated
691 0.354362794783669 0.0379158716284403 0.487621134086184 0.00258141332465768 DONSON upregulated
692 0.426438632144297 0.038026481303216 0.489058021503169 0.00259800594339519 CDH20 upregulated
693 0.674924799338955 0.0381720404614457 0.490935801576661 0.00261166523174392 GRM6 upregulated
694 0.392052271842998 0.0381720404614457 0.490935801576661 0.00261071148653228 SPG20 upregulated
695 1.39651302732642 0.0381948135822667 0.49123442311032 0.00261563913139066 CLEC18B upregulated
696 0.681287252166076 0.0382345140047483 0.491747885275168 0.00262143908648368 NYNRIN upregulated
697 0.766967605705168 0.0383257634249241 0.492924343535159 0.00262953288876955 LIMD1 upregulated
698 0.760101373089354 0.0383494871547748 0.493246591454276 0.00264119788176737 EDA upregulated
699 1.13177618409679 0.0383494871547748 0.493246591454276 0.00264219269508613 FZD10-AS1 upregulated
700 0.307311061157301 0.0383494871547748 0.493246591454276 0.00264180106670214 PTPN21 upregulated
701 1.11727245068457 0.0383494871547748 0.493246591454276 0.0026335244629919 SPINT1 upregulated
702 0.408531955764503 0.0383669926798115 0.493477425470839 0.00264705060210419 THUMPD3-AS1 upregulated
703 0.615542429830769 0.0383669926798115 0.493477425470839 0.00264707783795603 MST1 upregulated
704 1.18156455139004 0.0384012310477915 0.493920637068017 0.00265128123454091 SIGLEC16 upregulated
705 0.247013273916766 0.0385237802363337 0.49549971931042 0.00266158926598058 AKT1S1 upregulated
706 1.06658665819371 0.0386658894782337 0.497118718647923 0.00267696909462384 TMC6 upregulated
707 1.13001460299561 0.0387262841251 0.497792458417179 0.00269295894813975 LINC01088 upregulated
708 0.56991431100301 0.0387262841251 0.497792458417179 0.00269307182727627 TDRD6 upregulated
709 0.707684490743677 0.0387262841251 0.497792458417179 0.0026916181394631 QRICH2 upregulated
710 0.716280893966876 0.0387262841251 0.497792458417179 0.00268896556821452 CEP295NL upregulated
711 0.887524893051216 0.0387262841251 0.497792458417179 0.00269414768497483 ZNF600 upregulated
712 1.41184863500484 0.0389411068540821 0.500562987439306 0.00271469383736086 RNF151 upregulated
713 1.17117110835125 0.0389411068540821 0.500562987439306 0.00271349006187512 ADORA2A-AS1 upregulated
714 0.781882046249971 0.038973138913218 0.500986918897736 0.00272440123390094 CROCC upregulated
715 1.21369742969149 0.038973138913218 0.500986918897736 0.00271907280206794 FOXD2 upregulated
716 0.513958668694604 0.0390287665991691 0.501708068334563 0.00273203237449235 ATP1A1-AS1 upregulated
717 0.531920173173159 0.0394597509936761 0.507047205201006 0.00277646042358802 ITPKB upregulated
718 1.06574183561268 0.0394597509936761 0.507047205201006 0.00277648883443492 FAM95C upregulated
719 0.617464789638328 0.0394597509936761 0.507047205201006 0.00277854424476742 EBF4 upregulated
720 1.03736586103699 0.0394670731958995 0.507047205201006 0.00278562964753032 SLC26A5 upregulated
721 0.537863910865409 0.0394670731958995 0.507047205201006 0.00279109809483395 PAPOLA upregulated
722 0.328206251319756 0.0394796561837063 0.507221761237894 0.00279402883639982 PHF21A upregulated
723 0.394525414623675 0.0394796561837063 0.507221761237894 0.00279955945225592 ROCK1 upregulated
724 0.539199354091054 0.039517924195373 0.507716633013569 0.00280416780021825 FBXO5 upregulated
725 0.552391713274293 0.0395583675786614 0.508265027982959 0.00282165047955125 ID3 upregulated
726 0.3772675785965 0.0395583675786614 0.508265027982959 0.00282410746150582 ARRDC1-AS1 upregulated
727 0.434902335981751 0.0395583675786614 0.508265027982959 0.00281553833046655 ZNF143 upregulated
728 0.258309893942387 0.0396134537831183 0.508975984017594 0.00282993940340635 ZBTB2 upregulated
729 0.463722981894829 0.039645774375651 0.509397613419929 0.00283605002485838 KCTD11 upregulated
730 0.334659714492697 0.039645774375651 0.509397613419929 0.00283417812532883 ZMYND8 upregulated
731 0.3216239886607 0.0396967525738989 0.510058965722157 0.0028435033008297 SPEN upregulated
732 0.784313970583885 0.0400241777493147 0.513938856063848 0.00287463289391923 SRPK3 upregulated
733 0.972100920081121 0.0400616589842735 0.51442694182097 0.00288116644178982 FAM19A4 upregulated
734 0.598750027683088 0.0401605196036934 0.51571336283496 0.00289790391732074 BRD7P3 upregulated
735 0.917325048363055 0.0401605196036934 0.51571336283496 0.0028932265545048 ELN upregulated
736 0.490560210665914 0.0404476861682102 0.519414542709507 0.00292638243409067 SALL1 upregulated
737 0.545673281047239 0.0406088959826847 0.52149153468405 0.00294193996403301 FYCO1 upregulated
738 0.498073564022773 0.0407185633440396 0.522923564468559 0.00296355080578473 RHOQ upregulated
739 0.420021427923418 0.0407185633440396 0.522923564468559 0.00296271349902328 KTN1 upregulated
740 0.58990133024995 0.0407996848338728 0.523972104025428 0.00297239066960707 IKZF2 upregulated
741 0.326666733562692 0.0407996848338728 0.523972104025428 0.00297336726027169 ILKAP upregulated
742 0.610188260052955 0.0408275796613485 0.524333713511411 0.00297735765761668 ZCWPW1 upregulated
743 0.751687397574239 0.0410644097910206 0.527388745414754 0.003002503952213 CGN upregulated
744 0.589113800584132 0.041432127324202 0.532151796693434 0.00305322815828252 ZNF252P-AS1 upregulated
745 0.385839431853454 0.041432127324202 0.532151796693434 0.00305171090618292 POMT2 upregulated
746 0.828198669621803 0.041558631891539 0.533786663926051 0.0030685282213631 SLC10A5 upregulated
747 0.544556737745978 0.0416546432023611 0.535033221455891 0.003081968138215 ATM upregulated
748 0.386747518444666 0.0416546432023611 0.535033221455891 0.00308360594066479 ORAOV1 upregulated
749 0.968399856892641 0.0420279866006736 0.539842053636211 0.00311705310315178 LOC101929054 upregulated
750 1.05736983555855 0.0420279866006736 0.539842053636211 0.0031177744832977 CHRNA5 upregulated
751 0.647951226809746 0.0420780061294171 0.540497914501303 0.00313108623065903 LRP5L upregulated
752 1.04738769585562 0.0421649072566173 0.541634138684818 0.00314820084793074 C10orf111 upregulated
753 0.560264347689809 0.0422010711931263 0.542118518885123 0.00316452391744016 PLEKHA7 upregulated
754 0.570194184748587 0.0422010711931263 0.542118518885123 0.00316067569618045 NFATC1 upregulated
755 0.398444312905783 0.0422010711931263 0.542118518885123 0.00316410379478066 SAMD1 upregulated
756 1.30031371839518 0.0422518660332621 0.542438024069771 0.00317361476089191 FEZF1-AS1 upregulated
757 1.07786918762416 0.0422518660332621 0.542438024069771 0.00317435351713737 IL16 upregulated
758 0.749527525582875 0.0423566438506542 0.543790189055195 0.00318634387503842 SNORD97 upregulated
759 0.341423148469813 0.0423665948558654 0.543945798818485 0.00319920048999831 CKMT2-AS1 upregulated
760 0.772398169585074 0.0423665948558654 0.543945798818485 0.00320334276682647 DLL1 upregulated
761 0.602267510536064 0.0424639840589486 0.545203117317708 0.00321477829165651 LRIG3 upregulated
762 0.888436932484699 0.042554829007878 0.546383342342426 0.00322780767884084 LYG2 upregulated
763 0.942301519741675 0.042554829007878 0.546383342342426 0.00322981705515994 C9orf139 upregulated
764 1.11693623898592 0.0426163688218716 0.547180392476444 0.003238574319541 C16orf90 upregulated
765 0.359224617564114 0.0430660241654117 0.552634442699363 0.00328719904450954 HNRNPH3 upregulated
766 0.386216506459562 0.0430660241654117 0.552634442699363 0.00328450449935122 ZNF345 upregulated
767 0.243037262260383 0.0430660241654117 0.552634442699363 0.00328709712179942 PACSIN2 upregulated
768 0.525264784938359 0.043412820736492 0.557103055304662 0.00332407703486492 HCG8 upregulated
769 0.48535660794724 0.0434358773536998 0.557402607598401 0.0033279250137226 POLA1 upregulated
770 0.404618129226743 0.0436106826277016 0.559318960344682 0.00334821168616579 MSANTD2 upregulated
771 0.206342082467206 0.0436735401929472 0.560129003541934 0.00335869772591875 HNRNPH1 upregulated
772 0.742168866268677 0.0437948309176122 0.561688484774542 0.00337012531153893 LOC101928324 upregulated
773 1.50899575400849 0.0438645946777811 0.562587121569312 0.00337759692441466 CD177 upregulated
774 0.317313283087028 0.0439341063458314 0.563482532692842 0.00338505580369905 DNAJC9 upregulated
775 0.166045495728216 0.0440075377086441 0.564428224222242 0.00339282354295918 CBFA2T2 upregulated
776 0.327516039600105 0.0442415594626524 0.56744919318979 0.00342064248404935 GTF3C5 upregulated
777 1.17309679262131 0.0442415594626524 0.56744919318979 0.00342147170797614 LGALS2 upregulated
778 1.05995748186377 0.0442628902835809 0.567734417363319 0.00342845549034996 LINC00926 upregulated
779 0.273514691235305 0.0444853816298994 0.570630683993527 0.00346874031111961 FAM193A upregulated
780 0.497141081923971 0.0444853816298994 0.570630683993527 0.00346780571223054 FCHSD2 upregulated
781 0.76943557658857 0.0444953602223749 0.570766350998553 0.00347523334143208 ARHGAP11A upregulated
782 1.65859695416182 0.0446377900780069 0.572601050490596 0.00349063794492157 SLC5A11 upregulated
783 1.41631165721474 0.0446448037019379 0.572694849786747 0.00349332692341002 LOC441081 upregulated
784 0.623375490963304 0.0446707915686183 0.573039687433202 0.00350178569375706 CRIP3 upregulated
785 0.363970608204481 0.0447784248760956 0.574439485035298 0.00352073003039754 ZNF32 upregulated
786 0.990349693866818 0.0447784248760956 0.574439485035298 0.00352095779818751 MIR324 upregulated
787 0.679852228435887 0.0448628969897204 0.575549691298662 0.00353695731470431 FAM63A upregulated
788 1.00667861716625 0.0448628969897204 0.575549691298662 0.00353308641048065 MAN2A1 upregulated
789 0.933954034774856 0.0448628969897204 0.575549691298662 0.00354265672637817 HPN upregulated
790 0.556171030745782 0.044972158830359 0.576958985248323 0.00355559715736981 DGKD upregulated
791 1.03305532981234 0.0450092673943282 0.577438839067691 0.00356068903488716 NUP210L upregulated
792 0.306023431759069 0.0450667877442672 0.578191876173 0.0035738824820932 ZNF793 upregulated
793 0.608246650180037 0.0451031606196949 0.578669806925329 0.0035814247668666 FBXO32 upregulated
794 0.718749199194333 0.0451031606196949 0.578669806925329 0.00358325440604279 CTHRC1 upregulated
795 0.312026503816256 0.0451193367388741 0.578884844711954 0.00358886607133299 SFT2D3 upregulated
796 0.343617359748331 0.0452763202045402 0.580902711718295 0.00360352359109827 MED11 upregulated
797 0.561785912850391 0.0453173246515872 0.581432560590351 0.00360895988139648 DNASE1 upregulated
798 0.643313804461608 0.0454841420941522 0.583580394119346 0.00362660633372849 ZNF765 upregulated
799 0.95937114271242 0.0457098422292806 0.586491289614381 0.00365336850919168 MAP4K4 upregulated
800 0.702199971521468 0.0460488225386926 0.590518047274279 0.00368592893171076 MEX3A upregulated
801 0.789324399061114 0.0460488225386926 0.590518047274279 0.0036874508317218 EFHD1 upregulated
802 1.13359725187217 0.0460488225386926 0.590518047274279 0.00369416932946687 FEZF1 upregulated
803 1.14686067762543 0.0460488225386926 0.590518047274279 0.00369503916828373 LMNTD1 upregulated
804 0.591812562366086 0.0460488225386926 0.590518047274279 0.00369591642756731 CDT1 upregulated
805 0.469705387148275 0.0460488225386926 0.590518047274279 0.00368334833878677 DDX39A upregulated
806 0.163202798693783 0.0460950351978072 0.591114626851017 0.00370183554472489 CTDNEP1 upregulated
807 0.252079517864059 0.0461128565305966 0.591351074599242 0.00370768856507698 EDC3 upregulated
808 0.430957316409365 0.0462526750986667 0.593167797720433 0.00372572328785956 RMND5A upregulated
809 1.01901925604251 0.0462526750986667 0.593167797720433 0.00373111669899203 DOCK5 upregulated
810 0.354944553393816 0.0462526750986667 0.593167797720433 0.00372996026567689 SCAND2P upregulated
811 0.700235246875309 0.0462538225854655 0.593186445942578 0.00373454654235623 CNTD1 upregulated
812 0.339656626783207 0.0462865031647988 0.593613417315359 0.00374162364366164 UNC119B upregulated
813 0.468983314463839 0.0462865031647988 0.593613417315359 0.00374116904604971 C21orf58 upregulated
814 0.842964052091027 0.0463323914559544 0.594213685278742 0.00375199737110356 ETV4 upregulated
815 0.549377429043881 0.0463418846856242 0.594339348238095 0.0037549880193079 SASS6 upregulated
816 0.739300412573743 0.0464160447226339 0.595313872592658 0.00377432127397081 ADIPOR2 upregulated
817 0.625760982593751 0.0464160447226339 0.595313872592658 0.00377397056987211 SWSAP1 upregulated
818 0.341557474365094 0.0464979595914631 0.596394185414535 0.0037891064121304 METTL16 upregulated
819 0.572124611268234 0.0464979595914631 0.596394185414535 0.0037906208616509 PROCA1 upregulated
820 0.436109687387928 0.0464979595914631 0.596399357828069 0.0038003399934869 ZNF30 upregulated
821 0.594295418977267 0.0464979595914631 0.596394185414535 0.00379663246454374 HRH3 upregulated
822 0.874318209648007 0.046689468255193 0.598863448890937 0.00382120737937453 LINC01094 upregulated
823 0.529761011449679 0.046689468255193 0.598863448890937 0.00382050705091563 PXDC1 upregulated
824 0.66329607660632 0.0468235884453515 0.600587615142748 0.00383442916357388 LOC100507487 upregulated
825 0.294269263849235 0.0469427389674874 0.602123659520318 0.0038486879049913 HUS1 upregulated
826 0.346111744332602 0.0469427389674874 0.602123659520318 0.00384724029877873 DGCR8 upregulated
827 0.553166215091429 0.0471071592621502 0.604251999610821 0.00386781400643742 LATS2 upregulated
828 0.310286703722531 0.0471071592621502 0.604251999610821 0.00387346109865213 ATPAF2 upregulated
829 1.14739703195094 0.0471071592621502 0.604251999610821 0.00386819979749083 KRT19 upregulated
830 0.422346783578637 0.0471452923913763 0.604745001644909 0.00387885706207037 ICE2 upregulated
831 0.346949287786151 0.0471543441643187 0.604868822308326 0.00388412347290116 RELA upregulated
832 0.225358449071818 0.0472433374434156 0.606029613717663 0.00390253999571218 SEC22C upregulated
833 0.501341740274099 0.0472433374434156 0.606029613717663 0.00390277942249629 ZFHX2 upregulated
834 0.27045436173069 0.0475407496081392 0.609886965748156 0.00395242172031037 KIAA2026 upregulated
835 0.242686157287557 0.0475407496081392 0.609886965748156 0.00394848690243712 INTS6 upregulated
836 1.24317061267011 0.0475407496081392 0.609886965748156 0.0039510005160756 HPN-AS1 upregulated
837 0.273730175009244 0.0478459339966798 0.613813581073519 0.00398467600097008 DFFA upregulated
838 1.00540518628441 0.0478871446527515 0.614349915900003 0.00399216062634707 FZD7 upregulated
839 0.37550933334999 0.0482220524319236 0.618665657576335 0.00403218389227956 PER1 upregulated
840 0.314521526029367 0.0483684000128649 0.620215553976656 0.00405426369341859 DIDO1 upregulated
841 0.643108103251762 0.0484701152803049 0.621527839716377 0.00407151757065226 C15orf52 upregulated
842 0.349784222650403 0.0485320561658193 0.622326108850009 0.00407904753601578 OFD1 upregulated
843 0.617701803685492 0.0488317450483459 0.626181084145924 0.00411125973557537 LINC01315 upregulated
844 1.3057228054026 0.0488760901107595 0.626757761104606 0.00411959616175103 ACP7 upregulated
845 0.767093964566365 0.0489609813545636 0.627850370694339 0.00412918282603813 TLR5 upregulated
846 0.631336681951205 0.0490103909175879 0.62848798800876 0.00413569966989283 LOC105370333 upregulated
847 0.475303613196966 0.0492872041608195 0.632081833002207 0.00417600830550364 MUTYH upregulated
848 1.23020310026415 0.0492872041608195 0.632081833002207 0.00417504292820745 ERN2 upregulated
849 1.455593867314 0.0492918111192507 0.63216078893175 0.00419210076110825 MIR194-2HG upregulated
850 0.707872818403724 0.0493645692927104 0.63309787004346 0.00420582248804461 CPT1B upregulated
851 0.369178679038225 0.0493651573630502 0.633109375057146 0.00420823942999968 VSTM4 upregulated
852 0.48183416119193 0.0495894268444756 0.63598961337559 0.00422973535773707 CCDC69 upregulated
853 0.302824236899015 0.049709597111752 0.637554634489063 0.0042510613401736 HDGF upregulated
854 0.548410010421379 0.049709597111752 0.637554634489063 0.00425428541230653 TCF12 upregulated
855 0.883396733139593 0.0497108233488111 0.63759352554406 0.00426330536938259 PLA2G4B upregulated
856 0.387196263065371 0.0498113598558112 0.638891386782598 0.00428176615706186 SLC35E2B upregulated
857 0.997126097008157 0.0498529665876543 0.639460275508248 0.00428933466931491 MIR5087 upregulated
858 1.28995473188149 0.0498529665876543 0.639460275508248 0.00430697152009421 SLC45A3 upregulated
859 0.435582149932477 0.0498529665876543 0.639460275508248 0.00429848532254901 ITPRIP upregulated
860 0.71312776111574 0.0498529665876543 0.639460275508248 0.00430344931608195 OLFML1 upregulated
861 0.741868047334556 0.0499505270247315 0.640719473219037 0.00432040805257782 ABCC6 upregulated
862 0.261460390917843 0.049964460023224 0.640905975291479 0.00432640431519119 ZNF558 upregulated
